1	2.4469	-10.4244
2	2.5333	-10.4648
3	2.7094	-10.7480
4	2.9760	-11.0000
5	3.3292	-11.3397
6	3.7661	-11.6720
7	4.2831	-12.1991
8	4.8788	-12.8764
9	5.5415	-13.5270
10	6.2697	-14.2293
11	7.0546	-14.7902
12	7.8912	-15.5761
13	8.7680	-16.4821
14	9.6808	-17.2747
15	10.6156	-18.3289
16	11.5598	-19.3701
17	12.5069	-20.4988
18	13.4474	-21.4808
19	14.3731	-22.2764
20	15.2619	-23.0837
21	16.1038	-23.8056
22	16.8906	-24.5365
23	17.6150	-25.2194
24	18.2781	-25.7660
25	18.8509	-26.3654
26	19.3332	-26.8417
27	19.7265	-27.2332
28	20.0358	-27.5286
29	20.2610	-27.8490
30	20.3922	-28.0280
31	20.4423	-28.1252
32	20.4171	-28.1500
33	20.3181	-28.2461
34	20.1616	-28.2491
35	19.9447	-28.0236
36	19.6841	-27.8514
37	19.3949	-27.6944
38	19.0933	-27.5330
39	18.7961	-27.3230
40	18.5194	-27.1166
41	18.2775	-26.9738
42	18.0789	-26.9480
43	17.9268	-26.7886
44	17.8279	-26.8005
45	17.7843	-26.8652
46	17.7971	-27.0088
47	17.8621	-27.1690
48	17.9731	-27.5106
49	18.1228	-27.6836
50	18.2980	-27.8823
51	18.5091	-28.1875
52	18.7452	-28.5174
53	18.9996	-28.7713
54	19.2603	-29.0824
55	19.5279	-29.3944
56	19.7985	-29.7767
57	20.0609	-29.9800
58	20.3160	-30.2606
59	20.5668	-30.5190
60	20.8064	-30.6337
61	21.0384	-30.8703
62	21.2600	-31.2542
63	21.4668	-31.4851
64	21.6606	-31.6632
65	21.8387	-31.8169
66	21.9937	-32.0446
67	22.1256	-32.1683
68	22.2240	-32.2669
69	22.2886	-32.2866
70	22.3201	-32.2661
71	22.3090	-32.1675
72	22.2719	-32.0090
73	22.1866	-31.8594
74	22.0755	-31.6787
75	21.9456	-31.5692
76	21.8049	-31.5163
77	21.6610	-31.4191
78	21.5234	-31.3402
79	21.3999	-31.3377
80	21.2906	-31.3728
81	21.2082	-31.3758
82	21.1555	-31.4130
83	21.1336	-31.4830
84	21.1418	-31.5983
85	21.1759	-31.8122
86	21.2233	-32.0813
87	21.2886	-32.2572
88	21.3689	-32.4774
89	21.4502	-32.6115
90	21.5371	-32.7657
91	21.6250	-32.8816
92	21.7124	-32.9878
93	21.7993	-33.0952
94	21.8828	-33.1362
95	21.9668	-33.2644
96	22.0496	-33.2604
97	22.1244	-33.3244
98	22.1912	-33.4656
99	22.2396	-33.5907
100	22.2536	-33.6840
101	2.9820	-33.4064
102	3.0817	-33.5005
103	3.2376	-33.6513
104	3.4463	-33.8823
105	3.7018	-34.1328
106	3.9995	-34.3985
107	4.3329	-34.6762
108	4.6916	-34.9879
109	5.0757	-35.4488
110	5.4730	-35.9364
111	5.8784	-36.2981
112	6.2916	-36.6975
113	6.6984	-37.0883
114	7.0923	-37.4644
115	7.4678	-37.8204
116	7.8201	-38.1517
117	8.1455	-38.4661
118	8.4481	-38.7262
119	8.7178	-38.9849
120	8.9590	-39.2050
121	9.1702	-39.4597
122	9.3549	-39.6269
123	9.5130	-39.6926
124	9.6443	-39.9253
125	9.7549	-39.9611
126	9.8485	-40.0467
127	9.9262	-40.1191
128	9.9908	-40.1809
129	10.0447	-40.0626
130	10.0903	-40.0486
131	10.1269	-40.1589
132	10.1622	-40.2005
133	10.1978	-40.1097
134	10.2351	-40.1547
135	10.2776	-40.2045
136	10.3273	-40.2347
137	10.3871	-40.2992
138	10.4574	-40.3955
139	10.5377	-40.4764
140	10.6304	-40.5400
141	10.7360	-40.6413
142	10.8532	-40.7508
143	10.9805	-40.9474
144	11.1211	-41.0809
145	11.2650	-41.2277
146	11.4125	-41.3563
147	11.5618	-41.5257
148	11.7120	-41.5967
149	11.8612	-41.6867
150	12.0092	-41.8187
151	12.1563	-41.9536
152	12.3027	-42.0930
153	12.4492	-42.1928
154	12.5975	-42.1384
155	12.7484	-42.2989
156	12.9021	-42.4682
157	13.0581	-42.6572
158	13.2145	-42.8394
159	13.3689	-43.1057
160	13.5127	-43.4236
161	13.6486	-43.5914
162	13.7687	-43.7193
163	13.8564	-43.7145
164	13.9196	-43.8105
165	13.9550	-43.8379
166	13.9556	-43.8738
167	13.9251	-43.8808
168	13.8635	-43.8716
169	13.7711	-43.8272
170	13.6531	-43.7570
171	13.5097	-43.7322
172	13.3447	-43.6731
173	13.1604	-43.5506
174	12.9643	-43.3272
175	12.7627	-43.1968
176	12.5589	-42.9541
177	12.3610	-42.8362
178	12.1716	-42.7818
179	12.0059	-42.7237
180	11.8553	-42.7152
181	11.7259	-42.6732
182	11.6205	-42.5808
183	11.5415	-42.4978
184	11.4943	-42.5376
185	11.4769	-42.6047
186	11.4904	-42.7519
187	11.5340	-42.9427
188	11.6083	-43.1667
189	11.7163	-43.3241
190	11.8478	-43.5188
191	12.0071	-43.7347
192	12.1931	-43.9222
193	12.4010	-44.1729
194	12.6330	-44.4401
195	12.8870	-44.7220
196	13.1612	-45.0163
197	13.4529	-45.3207
198	13.7590	-45.6320
199	14.0760	-45.9601
200	14.3991	-46.0527
201	3.0429	-45.8873
202	3.2587	-46.1024
203	3.5311	-46.3689
204	3.8538	-46.6806
205	4.2189	-47.0683
206	4.6156	-47.4434
207	5.0344	-47.7189
208	5.4652	-48.1189
209	5.8961	-48.5159
210	6.3164	-48.9000
211	6.7165	-49.3690
212	7.0912	-49.6952
213	7.4306	-49.9980
214	7.7297	-50.2623
215	7.9853	-50.4807
216	8.1992	-50.6638
217	8.3698	-50.8080
218	8.4991	-50.8881
219	8.5938	-50.9659
220	8.6549	-50.9720
221	8.6858	-50.9982
222	8.6943	-50.9946
223	8.6858	-50.9917
224	8.6653	-50.9815
225	8.6376	-50.9676
226	8.6063	-50.9532
227	8.5745	-50.9071
228	8.5464	-50.8982
229	8.5209	-50.8924
230	8.4980	-50.8535
231	8.4741	-50.8493
232	8.4525	-50.8462
233	8.4319	-50.8427
234	8.4113	-50.6967
235	8.3904	-50.7247
236	8.3685	-50.6391
237	8.3464	-50.6012
238	8.3245	-50.6331
239	8.3064	-50.6977
240	8.2930	-50.6950
241	8.2874	-50.6667
242	8.2908	-50.6794
243	8.3077	-50.7046
244	8.3404	-50.7444
245	8.3910	-50.8954
246	8.4592	-50.9674
247	8.5477	-51.1155
248	8.6566	-51.1623
249	8.7836	-51.2863
250	8.9288	-51.4795
251	9.0865	-51.6282
252	9.2569	-51.8899
253	9.4369	-52.0566
254	9.6217	-52.2260
255	9.8068	-52.3941
256	9.9875	-52.5568
257	10.1590	-52.8338
258	10.3106	-53.0223
259	10.4457	-53.0925
260	10.5559	-53.0230
261	10.6434	-53.0937
262	10.7039	-53.1124
263	10.7353	-53.1324
264	10.7377	-53.1260
265	10.7115	-53.0236
266	10.6574	-53.0436
267	10.5763	-53.0055
268	10.4719	-52.9381
269	10.3521	-52.8224
270	10.2192	-52.6957
271	10.0785	-52.5629
272	9.9356	-52.4292
273	9.7965	-52.3125
274	9.6696	-52.1966
275	9.5574	-52.0955
276	9.4648	-51.9432
277	9.3996	-51.8875
278	9.3620	-51.8582
279	9.3540	-51.8572
280	9.3769	-51.8854
281	9.4306	-51.9425
282	9.5139	-52.1028
283	9.6233	-52.2118
284	9.7560	-52.3422
285	9.9076	-52.4897
286	10.0730	-52.6370
287	10.2463	-52.7790
288	10.4240	-52.9486
289	10.5982	-53.1024
290	10.7607	-53.1839
291	10.9122	-53.3147
292	11.0501	-53.4427
293	11.1696	-53.5314
294	11.2677	-53.6224
295	11.3472	-53.6971
296	11.4102	-53.7578
297	11.4600	-53.8081
298	11.5009	-53.8521
299	11.5377	-54.0297
300	11.5740	-54.0740
301	2.9770	-54.1049
302	3.0455	-54.2077
303	3.1670	-54.3615
304	3.3396	-54.5636
305	3.5590	-54.7900
306	3.8214	-55.0747
307	4.1167	-55.3881
308	4.4356	-55.7018
309	4.7685	-56.0436
310	5.1043	-56.3847
311	5.4327	-56.7155
312	5.7446	-57.0276
313	6.0319	-57.3138
314	6.2885	-57.5689
315	6.5101	-57.7074
316	6.6954	-57.8925
317	6.8429	-58.1016
318	6.9530	-58.2143
319	7.0285	-58.2439
320	7.0745	-58.2161
321	7.0945	-58.1772
322	7.0914	-58.1836
323	7.0712	-58.1742
324	7.0386	-58.1453
325	6.9973	-58.0476
326	6.9499	-58.0317
327	6.9061	-58.0017
328	6.8665	-57.9756
329	6.8341	-57.9561
330	6.8115	-57.9454
331	6.8007	-57.9453
332	6.8032	-57.9569
333	6.8199	-57.9809
334	6.8512	-58.0173
335	6.8967	-58.0653
336	6.9554	-58.0930
337	7.0255	-58.1598
338	7.1049	-58.2326
339	7.1907	-58.3086
340	7.2794	-58.3844
341	7.3676	-58.4865
342	7.4514	-58.5516
343	7.5271	-58.6063
344	7.5914	-58.7172
345	7.6405	-58.7420
346	7.6733	-58.7498
347	7.6881	-58.7400
348	7.6847	-58.7801
349	7.6626	-58.7352
350	7.6237	-58.6753
351	7.5704	-58.4716
352	7.5059	-58.3778
353	7.4336	-58.2867
354	7.3592	-58.1981
355	7.2871	-58.1129
356	7.2221	-58.0350
357	7.1684	-57.9683
358	7.1303	-58.0366
359	7.1094	-57.9171
360	7.1090	-57.9421
361	7.1294	-57.9462
362	7.1722	-57.9665
363	7.2362	-58.0048
364	7.3188	-58.0586
365	7.4162	-58.1961
366	7.5243	-58.2700
367	7.6383	-58.3478
368	7.7530	-58.4248
369	7.8627	-58.4960
370	7.9623	-58.5569
371	8.0475	-58.5807
372	8.1162	-58.5504
373	8.1632	-58.5621
374	8.1878	-58.5532
375	8.1901	-58.4588
376	8.1742	-58.4144
377	8.1404	-58.3542
378	8.0923	-58.2817
379	8.0343	-58.2179
380	7.9710	-58.1335
381	7.9072	-58.1816
382	7.8478	-58.1029
383	7.7969	-58.0335
384	7.7580	-57.9772
385	7.7335	-57.9277
386	7.7250	-57.9022
387	7.7340	-57.8501
388	7.7603	-58.0365
389	7.8022	-58.1132
390	7.8584	-58.0568
391	7.9287	-58.1253
392	8.0080	-58.2087
393	8.0936	-58.3054
394	8.1833	-58.3395
395	8.2770	-58.4595
396	8.3712	-58.7404
397	8.4642	-58.8809
398	8.5580	-59.0234
399	8.6514	-59.1712
400	8.7444	-59.3229
401	3.0271	-59.2072
402	3.1278	-59.3606
403	3.2671	-59.5520
404	3.4412	-59.8010
405	3.6443	-60.0518
406	3.8702	-60.3215
407	4.1110	-60.5833
408	4.3570	-60.8626
409	4.6006	-61.1762
410	4.8344	-61.4326
411	5.0500	-61.6657
412	5.2412	-61.8699
413	5.4041	-62.0416
414	5.5363	-62.1794
415	5.6379	-62.3025
416	5.7108	-62.3759
417	5.7586	-62.4222
418	5.7861	-62.4467
419	5.7992	-62.5326
420	5.8040	-62.5336
421	5.8058	-62.5303
422	5.8098	-62.5277
423	5.8205	-62.5306
424	5.8415	-62.5491
425	5.8762	-62.5884
426	5.9270	-62.5520
427	5.9919	-62.6035
428	6.0693	-62.6671
429	6.1571	-62.7409
430	6.2525	-62.8223
431	6.3520	-62.9083
432	6.4517	-62.9951
433	6.5476	-62.9684
434	6.6354	-63.0451
435	6.7115	-63.1115
436	6.7725	-63.1645
437	6.8158	-63.2253
438	6.8390	-63.2450
439	6.8417	-63.2467
440	6.8240	-63.2309
441	6.7871	-63.2100
442	6.7357	-63.1661
443	6.6692	-63.1101
444	6.5911	-63.0222
445	6.5066	-62.9534
446	6.4181	-62.8829
447	6.3299	-62.8141
448	6.2458	-62.7504
449	6.1692	-62.6946
450	6.1032	-62.6490
451	6.0500	-62.6452
452	6.0109	-62.5793
453	5.9884	-62.5721
454	5.9811	-62.4908
455	5.9882	-62.4589
456	6.0079	-62.4843
457	6.0386	-62.4664
458	6.0779	-62.4300
459	6.1226	-62.4685
460	6.1698	-62.5057
461	6.2167	-62.3982
462	6.2607	-62.4253
463	6.2993	-62.4912
464	6.3321	-62.5021
465	6.3571	-62.5052
466	6.3758	-62.4989
467	6.3870	-62.4845
468	6.3921	-62.4638
469	6.3931	-62.4389
470	6.3924	-62.4125
471	6.3922	-62.3834
472	6.3969	-62.2964
473	6.4063	-62.3270
474	6.4228	-62.3921
475	6.4458	-62.3915
476	6.4767	-62.3606
477	6.5163	-62.3787
478	6.5633	-62.3892
479	6.6160	-62.4242
480	6.6726	-62.4647
481	6.7308	-62.5086
482	6.7881	-62.6620
483	6.8419	-62.7058
484	6.8900	-62.7462
485	6.9305	-62.7813
486	6.9616	-62.7097
487	6.9809	-62.7272
488	6.9899	-62.7357
489	6.9884	-62.7343
490	6.9765	-62.7227
491	6.9546	-62.7006
492	6.9233	-62.6680
493	6.8832	-62.6253
494	6.8352	-62.5730
495	6.7803	-62.5122
496	6.7199	-62.4375
497	6.6579	-62.3670
498	6.5950	-62.3088
499	6.5355	-62.2402
500	6.4809	-62.1773
501	2.8421	-62.0557
502	2.8499	-62.0317
503	2.8912	-62.0758
504	2.9669	-62.1552
505	3.0752	-62.2681
506	3.2133	-62.4111
507	3.3771	-62.5800
508	3.5617	-62.7696
509	3.7616	-62.9743
510	3.9707	-63.1878
511	4.1831	-63.4038
512	4.3928	-63.6162
513	4.5946	-63.7989
514	4.7851	-63.9898
515	4.9578	-64.1161
516	5.1098	-64.2658
517	5.2384	-64.3905
518	5.3419	-64.4664
519	5.4194	-64.5365
520	5.4715	-64.5068
521	5.4964	-64.5181
522	5.4989	-64.5056
523	5.4813	-64.4719
524	5.4463	-64.4195
525	5.3966	-64.3516
526	5.3353	-64.2712
527	5.2651	-64.1713
528	5.1882	-64.0757
529	5.1080	-63.9074
530	5.0250	-63.8070
531	4.9436	-63.6428
532	4.8663	-63.5496
533	4.7952	-63.4637
534	4.7322	-63.3874
535	4.6791	-63.3227
536	4.6376	-63.2712
537	4.6091	-63.2345
538	4.5949	-63.2138
539	4.5958	-63.2098
540	4.6123	-63.2227
541	4.6448	-63.2524
542	4.6930	-63.2983
543	4.7562	-63.3590
544	4.8332	-63.4331
545	4.9225	-63.5184
546	5.0221	-63.6127
547	5.1300	-63.7135
548	5.2437	-63.8183
549	5.3607	-63.9245
550	5.4788	-64.0300
551	5.5957	-64.2194
552	5.7073	-64.4173
553	5.8140	-64.5086
554	5.9136	-64.5928
555	6.0055	-64.6692
556	6.0885	-64.7615
557	6.1627	-64.8493
558	6.2274	-64.8981
559	6.2822	-64.9365
560	6.3275	-64.9961
561	6.3636	-65.0144
562	6.3902	-65.0855
563	6.4106	-65.1456
564	6.4267	-65.1402
565	6.4348	-65.1248
566	6.4353	-65.0995
567	6.4287	-65.0645
568	6.4154	-65.0199
569	6.3958	-64.9187
570	6.3689	-64.8365
571	6.3368	-64.7188
572	6.3032	-64.6063
573	6.2676	-64.5185
574	6.2296	-64.4238
575	6.1906	-64.2940
576	6.1530	-64.1896
577	6.1163	-64.0807
578	6.0821	-64.0112
579	6.0500	-63.9025
580	6.0207	-63.7854
581	5.9974	-63.6492
582	5.9808	-63.5352
583	5.9719	-63.4252
584	5.9714	-63.3387
585	5.9801	-63.3307
586	5.9999	-63.2459
587	6.0288	-63.1723
588	6.0663	-63.1113
589	6.1117	-63.0637
590	6.1640	-62.9377
591	6.2206	-62.9169
592	6.2812	-62.8518
593	6.3415	-62.9151
594	6.4016	-62.9262
595	6.4595	-62.9430
596	6.5123	-63.0308
597	6.5563	-63.0494
598	6.5898	-63.0644
599	6.6108	-63.0536
600	6.6178	-63.0196
601	2.8828	-63.0040
602	2.8999	-63.0336
603	2.9352	-63.0839
604	2.9883	-63.1542
605	3.0589	-63.2437
606	3.1466	-63.3515
607	3.2507	-63.5452
608	3.3718	-63.6869
609	3.5076	-63.8584
610	3.6596	-64.0317
611	3.8238	-64.2165
612	3.9982	-64.4107
613	4.1804	-64.6119
614	4.3679	-64.8174
615	4.5575	-65.0183
616	4.7451	-65.2469
617	4.9294	-65.4452
618	5.1055	-65.6353
619	5.2700	-65.8140
620	5.4196	-65.9785
621	5.5512	-66.1623
622	5.6640	-66.2916
623	5.7546	-66.3931
624	5.8221	-66.4759
625	5.8653	-66.5400
626	5.8854	-66.5828
627	5.8842	-66.6057
628	5.8638	-66.5169
629	5.8275	-66.5006
630	5.7789	-66.4777
631	5.7212	-66.4451
632	5.6583	-66.3929
633	5.5957	-66.3583
634	5.5363	-66.2217
635	5.4805	-66.1783
636	5.4341	-66.0926
637	5.4000	-66.0611
638	5.3783	-65.9508
639	5.3700	-65.9348
640	5.3736	-65.9255
641	5.3874	-65.9214
642	5.4088	-65.9337
643	5.4360	-66.0012
644	5.4643	-65.9984
645	5.4907	-65.9907
646	5.5122	-66.0233
647	5.5259	-65.9990
648	5.5305	-65.9649
649	5.5245	-65.9205
650	5.5072	-65.8657
651	5.4783	-65.8011
652	5.4381	-65.7117
653	5.3872	-65.6293
654	5.3266	-65.5408
655	5.2576	-65.4069
656	5.1788	-65.3088
657	5.0953	-65.2109
658	5.0095	-65.0976
659	4.9233	-65.0322
660	4.8395	-64.9484
661	4.7599	-64.8875
662	4.6877	-64.8239
663	4.6236	-64.7880
664	4.5696	-64.7139
665	4.5285	-64.6929
666	4.5005	-64.6878
667	4.4867	-64.6999
668	4.4885	-64.7296
669	4.5068	-64.7761
670	4.5416	-64.8424
671	4.5938	-64.8691
672	4.6622	-65.1752
673	4.7403	-65.2850
674	4.8331	-65.4545
675	4.9405	-65.5913
676	5.0584	-65.7113
677	5.1834	-65.8620
678	5.3128	-66.0145
679	5.4429	-66.1646
680	5.5695	-66.1937
681	5.6881	-66.3255
682	5.7960	-66.4426
683	5.8904	-66.5417
684	5.9687	-66.6201
685	6.0295	-66.6760
686	6.0718	-66.7086
687	6.0959	-66.7179
688	6.1026	-66.7047
689	6.0936	-66.6708
690	6.0708	-66.6408
691	6.0366	-66.5888
692	5.9929	-66.4965
693	5.9428	-66.4353
694	5.8900	-66.3337
695	5.8372	-66.2287
696	5.7866	-66.1232
697	5.7402	-66.0195
698	5.6996	-65.9197
699	5.6658	-65.7981
700	5.6398	-65.8044
701	2.8188	-65.7435
702	2.8293	-65.7104
703	2.8615	-65.7008
704	2.9140	-65.7157
705	2.9853	-65.7333
706	3.0729	-65.7857
707	3.1744	-65.8331
708	3.2867	-65.9133
709	3.4070	-66.0028
710	3.5322	-66.0978
711	3.6591	-66.1950
712	3.7845	-66.2907
713	3.9058	-66.3820
714	4.0204	-66.4659
715	4.1263	-66.5403
716	4.2219	-66.6035
717	4.3061	-66.6544
718	4.3785	-66.7327
719	4.4404	-66.7591
720	4.4907	-66.7735
721	4.5297	-66.7324
722	4.5560	-66.7234
723	4.5734	-66.7067
724	4.5830	-66.5601
725	4.5864	-66.5343
726	4.5844	-66.5065
727	4.5785	-66.4788
728	4.5696	-66.4529
729	4.5590	-66.4713
730	4.5453	-66.4502
731	4.5327	-66.4354
732	4.5227	-66.4281
733	4.5170	-66.4294
734	4.5173	-66.4629
735	4.5261	-66.3158
736	4.5394	-66.3441
737	4.5640	-66.3941
738	4.5993	-66.4494
739	4.6430	-66.5074
740	4.6981	-66.5082
741	4.7660	-66.5327
742	4.8419	-66.6183
743	4.9232	-66.6963
744	5.0057	-66.7826
745	5.0866	-66.8648
746	5.1625	-66.9398
747	5.2299	-67.0043
748	5.2858	-67.0560
749	5.3278	-67.0927
750	5.3545	-67.1131
751	5.3651	-67.1165
752	5.3597	-67.1032
753	5.3394	-67.0741
754	5.3060	-67.0308
755	5.2620	-66.8976
756	5.2107	-66.8629
757	5.1539	-66.7942
758	5.0959	-66.7227
759	5.0397	-66.6516
760	4.9881	-66.5838
761	4.9434	-66.5217
762	4.9073	-66.4674
763	4.8811	-66.4223
764	4.8655	-66.3875
765	4.8608	-66.4331
766	4.8661	-66.2475
767	4.8806	-66.2433
768	4.9055	-66.2500
769	4.9402	-66.2494
770	4.9831	-66.2750
771	5.0345	-66.3095
772	5.0937	-66.3518
773	5.1597	-66.4010
774	5.2316	-66.3396
775	5.3099	-66.4005
776	5.3920	-66.4642
777	5.4766	-66.5300
778	5.5623	-66.5953
779	5.6479	-66.6590
780	5.7319	-66.7193
781	5.8125	-66.7870
782	5.8877	-66.8352
783	5.9552	-66.8741
784	6.0130	-66.9019
785	6.0591	-66.8860
786	6.0924	-66.8886
787	6.1105	-66.8761
788	6.1121	-66.8478
789	6.0965	-66.8039
790	6.0636	-66.6914
791	6.0155	-66.6199
792	5.9516	-66.5361
793	5.8737	-66.4420
794	5.7840	-66.3292
795	5.6846	-66.2223
796	5.5789	-66.1130
797	5.4700	-66.0044
798	5.3611	-66.0101
799	5.2547	-65.9104
800	5.1548	-65.8192
801	2.8469	-65.7386
802	2.8179	-65.7212
803	2.8185	-65.7334
804	2.8473	-65.7733
805	2.9021	-65.8383
806	2.9797	-65.9246
807	3.0759	-66.0282
808	3.1864	-66.1443
809	3.3063	-66.2683
810	3.4305	-66.3220
811	3.5544	-66.4476
812	3.6739	-66.5682
813	3.7852	-66.6806
814	3.8852	-66.7821
815	3.9718	-66.8711
816	4.0436	-66.9592
817	4.1028	-67.0241
818	4.1467	-67.0755
819	4.1767	-67.1148
820	4.1943	-67.0074
821	4.2002	-67.0274
822	4.1994	-66.7188
823	4.1952	-66.7295
824	4.1898	-66.7397
825	4.1860	-66.7516
826	4.1860	-66.7671
827	4.1918	-66.7878
828	4.2050	-66.8150
829	4.2268	-66.8495
830	4.2577	-66.8917
831	4.2978	-66.8736
832	4.3486	-66.9452
833	4.4065	-67.0099
834	4.4713	-67.0802
835	4.5415	-67.1420
836	4.6169	-67.2212
837	4.6943	-67.3015
838	4.7722	-67.3815
839	4.8489	-67.4598
840	4.9231	-67.5350
841	4.9937	-67.6058
842	5.0596	-67.7432
843	5.1186	-67.8009
844	5.1715	-67.8514
845	5.2176	-67.8940
846	5.2565	-67.9731
847	5.2871	-67.9973
848	5.3097	-68.0121
