1	0.00e+000	-1.72e-015	4.44e-016	-1.77e+001	-2.85e+001	1.38e+001
2	1.11e-016	-2.33e-015	0.00e+000	-7.77e+000	-4.19e+001	1.02e+000
3	0.00e+000	-1.94e-015	-2.22e-016	1.90e+000	-5.43e+001	-1.19e+001
4	-1.55e-015	-1.67e-015	-2.22e-016	1.13e+001	-6.68e+001	-2.50e+001
5	-1.11e-015	-1.83e-015	4.44e-016	1.98e+001	-7.91e+001	-3.82e+001
6	-1.11e-015	-2.22e-015	4.44e-016	2.80e+001	-9.12e+001	-5.16e+001
7	-2.22e-016	-2.00e-015	-2.22e-016	3.58e+001	-1.03e+002	-6.52e+001
8	-1.33e-015	-3.05e-015	-2.22e-015	4.33e+001	-1.15e+002	-7.87e+001
9	-8.88e-016	-2.22e-015	-8.88e-016	5.06e+001	-1.26e+002	-9.22e+001
10	-2.22e-016	-2.66e-015	-1.33e-015	5.75e+001	-1.38e+002	-1.06e+002
11	-2.22e-016	-1.78e-015	-1.11e-015	6.40e+001	-1.49e+002	-1.19e+002
12	2.22e-016	-2.22e-015	-8.88e-016	7.01e+001	-1.60e+002	-1.33e+002
13	-1.11e-015	-2.33e-015	-6.66e-016	7.65e+001	-1.70e+002	-1.46e+002
14	4.44e-016	-1.67e-015	-1.33e-015	8.27e+001	-1.81e+002	-1.59e+002
15	-1.78e-015	-2.44e-015	-1.55e-015	8.90e+001	-1.91e+002	-1.71e+002
16	-2.66e-015	-1.33e-015	-1.78e-015	9.50e+001	-2.01e+002	-1.82e+002
17	-1.78e-015	-1.11e-015	-2.00e-015	1.01e+002	-2.11e+002	-1.93e+002
18	-2.66e-015	-1.55e-015	-2.66e-015	1.07e+002	-2.20e+002	-2.03e+002
19	-2.22e-016	-2.66e-015	-1.78e-015	1.14e+002	-2.28e+002	-2.13e+002
20	1.11e-015	-1.33e-015	-1.55e-015	1.20e+002	-2.36e+002	-2.22e+002
21	-4.44e-016	-1.78e-015	-2.22e-015	1.26e+002	-2.44e+002	-2.29e+002
22	-1.78e-015	-3.33e-015	-2.44e-015	1.33e+002	-2.50e+002	-2.37e+002
23	-6.66e-016	-2.44e-015	-4.00e-015	1.40e+002	-2.56e+002	-2.43e+002
24	6.66e-016	-1.55e-015	-3.33e-015	1.48e+002	-2.62e+002	-2.49e+002
25	1.33e-015	-1.55e-015	-4.00e-015	1.56e+002	-2.68e+002	-2.54e+002
26	1.55e-015	-1.55e-015	-3.55e-015	1.64e+002	-2.74e+002	-2.59e+002
27	1.11e-015	-1.78e-015	-1.78e-015	1.72e+002	-2.78e+002	-2.64e+002
28	4.00e-015	-3.55e-015	-2.00e-015	1.79e+002	-2.82e+002	-2.69e+002
29	1.55e-015	-4.44e-015	-2.22e-015	1.86e+002	-2.85e+002	-2.73e+002
30	2.44e-015	-4.88e-015	-3.33e-015	1.92e+002	-2.85e+002	-2.79e+002
31	2.22e-016	-4.22e-015	-2.22e-015	1.97e+002	-2.85e+002	-2.84e+002
32	2.66e-015	-4.66e-015	-6.66e-016	2.01e+002	-2.83e+002	-2.91e+002
33	8.88e-016	-3.33e-015	-1.55e-015	2.03e+002	-2.82e+002	-2.98e+002
34	6.66e-016	-2.44e-015	-2.44e-015	2.05e+002	-2.79e+002	-3.05e+002
35	1.33e-015	-3.55e-015	-2.00e-015	2.04e+002	-2.75e+002	-3.13e+002
36	2.22e-016	-2.00e-015	-2.89e-015	2.03e+002	-2.69e+002	-3.21e+002
37	-1.11e-015	-8.88e-016	-2.22e-015	2.00e+002	-2.63e+002	-3.28e+002
38	-2.22e-016	-3.55e-015	-1.78e-015	1.96e+002	-2.55e+002	-3.35e+002
39	2.44e-015	-3.11e-015	-1.78e-015	1.91e+002	-2.47e+002	-3.41e+002
40	2.22e-016	-3.55e-015	-1.55e-015	1.86e+002	-2.38e+002	-3.46e+002
41	-8.88e-016	-5.11e-015	-6.66e-016	1.80e+002	-2.29e+002	-3.49e+002
42	-2.22e-015	-3.33e-015	-4.44e-016	1.73e+002	-2.20e+002	-3.51e+002
43	-2.00e-015	-2.00e-015	-2.22e-016	1.67e+002	-2.11e+002	-3.51e+002
44	-2.22e-015	-2.44e-015	1.78e-015	1.61e+002	-2.01e+002	-3.50e+002
45	-1.78e-015	-1.78e-015	2.00e-015	1.55e+002	-1.91e+002	-3.46e+002
46	-1.55e-015	-1.78e-015	8.88e-016	1.50e+002	-1.81e+002	-3.41e+002
47	6.66e-016	-1.78e-015	-6.66e-016	1.45e+002	-1.71e+002	-3.34e+002
48	-4.44e-016	-1.89e-015	-4.44e-016	1.41e+002	-1.62e+002	-3.25e+002
49	-8.88e-016	-4.33e-015	6.66e-016	1.36e+002	-1.54e+002	-3.14e+002
50	-1.11e-015	-1.22e-015	1.55e-015	1.32e+002	-1.47e+002	-3.00e+002
51	-1.11e-015	-5.11e-015	8.88e-016	1.27e+002	-1.39e+002	-2.84e+002
52	0.00e+000	-5.33e-015	2.00e-015	1.23e+002	-1.31e+002	-2.66e+002
53	-6.66e-016	-4.66e-015	2.22e-016	1.19e+002	-1.24e+002	-2.46e+002
54	-1.55e-015	-4.11e-015	1.78e-015	1.15e+002	-1.15e+002	-2.24e+002
55	-1.78e-015	-4.00e-015	2.00e-015	1.11e+002	-1.07e+002	-2.01e+002
56	-8.88e-016	-4.88e-015	8.88e-016	1.08e+002	-9.79e+001	-1.76e+002
57	-8.88e-016	-4.55e-015	1.55e-015	1.05e+002	-8.81e+001	-1.49e+002
58	4.44e-016	-3.50e-015	2.22e-015	1.02e+002	-7.76e+001	-1.21e+002
59	4.44e-016	-6.33e-015	1.11e-015	1.00e+002	-6.71e+001	-9.25e+001
60	-2.22e-016	-5.61e-015	2.66e-015	9.84e+001	-5.60e+001	-6.30e+001
61	-2.22e-016	-6.99e-015	2.89e-015	9.70e+001	-4.47e+001	-3.27e+001
62	-4.44e-016	-6.61e-015	1.78e-015	9.60e+001	-3.33e+001	-1.98e+000
63	-3.77e-015	-8.44e-015	1.78e-015	9.57e+001	-2.13e+001	2.92e+001
64	-4.88e-015	-7.16e-015	1.78e-015	9.61e+001	-8.75e+000	6.03e+001
65	-2.89e-015	-5.38e-015	1.55e-015	9.68e+001	3.51e+000	9.10e+001
66	-2.00e-015	-7.94e-015	2.66e-015	9.80e+001	1.55e+001	1.21e+002
67	-3.33e-015	-7.69e-015	3.33e-015	9.95e+001	2.66e+001	1.50e+002
68	-6.66e-016	-7.49e-015	2.66e-015	1.02e+002	3.72e+001	1.79e+002
69	-1.55e-015	-8.02e-015	3.33e-015	1.04e+002	4.71e+001	2.05e+002
70	-8.88e-016	-7.69e-015	2.89e-015	1.06e+002	5.64e+001	2.30e+002
71	-1.78e-015	-1.03e-014	0.00e+000	1.08e+002	6.43e+001	2.52e+002
72	2.22e-016	-1.00e-014	1.78e-015	1.10e+002	7.06e+001	2.72e+002
73	-1.33e-015	-1.08e-014	-1.33e-015	1.10e+002	7.48e+001	2.89e+002
74	2.22e-016	-1.10e-014	-2.66e-015	1.09e+002	7.78e+001	3.04e+002
75	-2.22e-016	-1.15e-014	-2.66e-015	1.07e+002	7.96e+001	3.15e+002
76	-1.55e-015	-1.24e-014	-1.33e-015	1.04e+002	7.98e+001	3.22e+002
77	6.66e-016	-1.10e-014	-1.33e-015	9.92e+001	7.82e+001	3.27e+002
78	8.88e-016	-1.17e-014	8.88e-016	9.28e+001	7.49e+001	3.29e+002
79	-2.22e-016	-1.26e-014	-3.55e-015	8.49e+001	7.01e+001	3.28e+002
80	6.66e-016	-1.20e-014	-3.55e-015	7.51e+001	6.29e+001	3.25e+002
81	3.11e-015	-1.37e-014	-2.22e-015	6.35e+001	5.44e+001	3.19e+002
82	2.22e-015	-8.99e-015	-3.11e-015	5.02e+001	4.48e+001	3.10e+002
83	-8.88e-016	-1.02e-014	-2.66e-015	3.53e+001	3.43e+001	3.00e+002
84	-2.22e-016	-1.15e-014	-4.00e-015	1.90e+001	2.30e+001	2.88e+002
85	-2.22e-015	-1.38e-014	-4.00e-015	1.24e+000	1.11e+001	2.75e+002
86	-2.22e-015	-1.27e-014	-5.77e-015	-1.77e+001	-9.82e-001	2.60e+002
87	-3.11e-015	-1.44e-014	-4.00e-015	-3.74e+001	-1.28e+001	2.44e+002
88	-3.66e-015	-1.34e-014	-3.11e-015	-5.79e+001	-2.45e+001	2.28e+002
89	-3.33e-015	-1.38e-014	-3.55e-015	-7.90e+001	-3.57e+001	2.11e+002
90	-1.22e-015	-1.31e-014	-5.77e-015	-1.00e+002	-4.69e+001	1.95e+002
91	-2.44e-015	-1.40e-014	-6.66e-015	-1.22e+002	-5.85e+001	1.78e+002
92	-1.11e-015	-1.29e-014	-4.88e-015	-1.44e+002	-7.02e+001	1.61e+002
93	-4.66e-015	-1.27e-014	-6.22e-015	-1.65e+002	-8.20e+001	1.45e+002
94	-1.22e-015	-1.27e-014	-4.00e-015	-1.85e+002	-9.41e+001	1.28e+002
95	-1.78e-015	-1.04e-014	-7.55e-015	-2.04e+002	-1.07e+002	1.11e+002
96	-4.88e-015	-1.15e-014	-5.77e-015	-2.23e+002	-1.21e+002	9.36e+001
97	-2.11e-015	-1.29e-014	-4.00e-015	-2.41e+002	-1.35e+002	7.59e+001
98	2.55e-015	-1.11e-014	-2.66e-015	-2.57e+002	-1.49e+002	5.77e+001
99	-2.16e-015	-1.33e-014	-3.55e-015	-2.72e+002	-1.63e+002	3.90e+001
100	-5.33e-015	-1.62e-014	-4.44e-015	-2.85e+002	-1.77e+002	2.01e+001
101	-3.05e-016	-6.99e-015	-1.78e-015	-1.02e+002	-7.80e+001	8.66e+000
102	-9.99e-016	-6.22e-015	-3.55e-015	-1.08e+002	-9.13e+001	-7.24e+000
103	1.65e-015	-6.11e-015	-3.11e-015	-1.13e+002	-1.04e+002	-2.32e+001
104	7.49e-016	-6.44e-015	-3.77e-015	-1.18e+002	-1.17e+002	-3.91e+001
105	2.79e-015	-6.99e-015	-3.44e-015	-1.23e+002	-1.30e+002	-5.48e+001
106	1.19e-015	-4.77e-015	-2.55e-015	-1.27e+002	-1.43e+002	-7.03e+001
107	1.22e-015	-7.33e-015	-4.22e-015	-1.30e+002	-1.55e+002	-8.53e+001
108	6.38e-016	-6.66e-015	-3.66e-015	-1.33e+002	-1.67e+002	-9.92e+001
109	-4.02e-016	-7.99e-015	-3.55e-015	-1.37e+002	-1.79e+002	-1.12e+002
110	-5.27e-016	-6.44e-015	-3.11e-015	-1.39e+002	-1.90e+002	-1.24e+002
111	8.53e-016	-7.11e-015	-1.44e-015	-1.42e+002	-2.00e+002	-1.36e+002
112	4.44e-016	-9.55e-015	-2.33e-015	-1.44e+002	-2.10e+002	-1.46e+002
113	-2.11e-015	-1.11e-014	-9.99e-016	-1.46e+002	-2.20e+002	-1.55e+002
114	-9.58e-016	-1.07e-014	-1.22e-015	-1.48e+002	-2.29e+002	-1.62e+002
115	-2.80e-015	-1.29e-014	-1.67e-015	-1.50e+002	-2.37e+002	-1.68e+002
116	-4.70e-015	-1.22e-014	-1.55e-015	-1.51e+002	-2.45e+002	-1.73e+002
117	-5.11e-015	-1.24e-014	-2.89e-015	-1.52e+002	-2.52e+002	-1.76e+002
118	-4.83e-015	-1.38e-014	-1.55e-015	-1.52e+002	-2.59e+002	-1.77e+002
119	-3.00e-015	-1.42e-014	-5.00e-015	-1.53e+002	-2.65e+002	-1.77e+002
120	-5.16e-015	-1.33e-014	-2.33e-015	-1.52e+002	-2.71e+002	-1.75e+002
121	-4.55e-015	-1.24e-014	-2.39e-015	-1.51e+002	-2.76e+002	-1.71e+002
122	-6.55e-015	-1.33e-014	-4.94e-015	-1.50e+002	-2.82e+002	-1.66e+002
123	-7.05e-015	-1.31e-014	-5.83e-015	-1.48e+002	-2.87e+002	-1.59e+002
124	-6.33e-015	-1.32e-014	-4.72e-015	-1.44e+002	-2.92e+002	-1.51e+002
125	-4.44e-015	-1.25e-014	-3.44e-015	-1.40e+002	-2.97e+002	-1.40e+002
126	-5.44e-015	-1.58e-014	-5.05e-015	-1.36e+002	-3.01e+002	-1.29e+002
127	-6.38e-015	-1.49e-014	-3.69e-015	-1.30e+002	-3.05e+002	-1.16e+002
128	-4.88e-015	-1.52e-014	-4.30e-015	-1.24e+002	-3.09e+002	-1.02e+002
129	-1.78e-015	-1.38e-014	-4.41e-015	-1.17e+002	-3.13e+002	-8.71e+001
130	-1.55e-015	-1.49e-014	-3.11e-015	-1.09e+002	-3.17e+002	-7.13e+001
131	-2.89e-015	-1.28e-014	-6.36e-015	-1.01e+002	-3.20e+002	-5.50e+001
132	-3.66e-015	-1.35e-014	-4.16e-015	-9.22e+001	-3.24e+002	-3.84e+001
133	-2.22e-015	-1.73e-014	-2.47e-015	-8.30e+001	-3.26e+002	-2.15e+001
134	-4.66e-015	-1.60e-014	-4.23e-015	-7.36e+001	-3.28e+002	-4.65e+000
135	-3.11e-015	-1.64e-014	-4.44e-015	-6.42e+001	-3.30e+002	1.21e+001
136	-5.22e-015	-1.52e-014	-3.30e-015	-5.48e+001	-3.30e+002	2.85e+001
137	-5.77e-015	-1.59e-014	-4.15e-015	-4.55e+001	-3.30e+002	4.44e+001
138	-6.66e-015	-1.63e-014	-3.82e-015	-3.66e+001	-3.28e+002	5.98e+001
139	-2.78e-015	-1.55e-014	-5.37e-015	-2.84e+001	-3.27e+002	7.47e+001
140	-4.00e-015	-1.74e-014	-3.30e-015	-2.08e+001	-3.24e+002	8.90e+001
141	-4.00e-015	-1.87e-014	-6.61e-015	-1.40e+001	-3.20e+002	1.03e+002
142	-2.33e-015	-1.69e-014	-6.04e-015	-7.92e+000	-3.15e+002	1.16e+002
143	9.99e-016	-1.64e-014	-6.77e-015	-2.51e+000	-3.08e+002	1.28e+002
144	2.66e-015	-1.68e-014	-8.97e-015	1.65e+000	-2.99e+002	1.41e+002
145	-1.11e-016	-1.53e-014	-1.13e-014	5.13e+000	-2.88e+002	1.53e+002
146	0.00e+000	-1.47e-014	-9.74e-015	8.36e+000	-2.76e+002	1.64e+002
147	-1.44e-015	-1.38e-014	-9.96e-015	1.11e+001	-2.63e+002	1.75e+002
148	-8.88e-016	-1.34e-014	-9.05e-015	1.32e+001	-2.48e+002	1.86e+002
149	-3.77e-015	-1.44e-014	-1.05e-014	1.49e+001	-2.32e+002	1.97e+002
150	-3.66e-015	-1.57e-014	-1.17e-014	1.63e+001	-2.14e+002	2.08e+002
151	9.99e-016	-1.63e-014	-9.96e-015	1.76e+001	-1.94e+002	2.18e+002
152	0.00e+000	-1.77e-014	-8.16e-015	1.87e+001	-1.73e+002	2.28e+002
153	-1.78e-015	-2.00e-014	-1.14e-014	2.00e+001	-1.50e+002	2.38e+002
154	-7.77e-016	-1.95e-014	-8.13e-015	2.09e+001	-1.25e+002	2.47e+002
155	-7.77e-016	-2.00e-014	-1.15e-014	2.21e+001	-9.96e+001	2.56e+002
156	-3.05e-015	-1.84e-014	-1.26e-014	2.34e+001	-7.29e+001	2.65e+002
157	-3.55e-015	-1.78e-014	-9.49e-015	2.51e+001	-4.54e+001	2.73e+002
158	-2.44e-015	-1.82e-014	-7.74e-015	2.71e+001	-1.78e+001	2.80e+002
159	-2.33e-015	-1.67e-014	-1.21e-014	2.94e+001	9.90e+000	2.86e+002
160	-1.78e-015	-1.78e-014	-1.14e-014	3.22e+001	3.70e+001	2.90e+002
161	-2.89e-015	-1.78e-014	-1.15e-014	3.48e+001	6.38e+001	2.94e+002
162	-3.64e-015	-1.71e-014	-6.49e-015	3.78e+001	8.98e+001	2.95e+002
163	-5.31e-015	-1.60e-014	-7.97e-015	4.10e+001	1.14e+002	2.94e+002
164	-8.33e-015	-1.40e-014	-9.10e-015	4.46e+001	1.36e+002	2.91e+002
165	-4.45e-015	-1.47e-014	-1.10e-014	4.84e+001	1.58e+002	2.87e+002
166	-5.72e-015	-1.33e-014	-1.09e-014	5.23e+001	1.78e+002	2.80e+002
167	-4.36e-015	-1.11e-014	-1.14e-014	5.64e+001	1.97e+002	2.71e+002
168	-5.33e-015	-1.24e-014	-1.12e-014	6.08e+001	2.14e+002	2.59e+002
169	-7.38e-015	-1.15e-014	-1.26e-014	6.53e+001	2.28e+002	2.46e+002
170	-4.83e-015	-1.33e-014	-1.41e-014	7.00e+001	2.42e+002	2.31e+002
171	-7.33e-015	-1.11e-014	-1.70e-014	7.49e+001	2.53e+002	2.13e+002
172	-7.55e-015	-1.07e-014	-1.19e-014	8.02e+001	2.62e+002	1.94e+002
173	-6.55e-015	-1.33e-014	-1.45e-014	8.56e+001	2.69e+002	1.73e+002
174	-7.77e-015	-1.33e-014	-1.35e-014	9.07e+001	2.74e+002	1.51e+002
175	-5.44e-015	-1.29e-014	-1.64e-014	9.54e+001	2.78e+002	1.29e+002
176	-6.33e-015	-1.29e-014	-1.34e-014	9.97e+001	2.79e+002	1.06e+002
177	-8.22e-015	-1.51e-014	-1.41e-014	1.03e+002	2.78e+002	8.17e+001
178	-6.66e-015	-1.38e-014	-1.65e-014	1.06e+002	2.75e+002	5.74e+001
179	-5.88e-015	-1.38e-014	-1.37e-014	1.09e+002	2.71e+002	3.29e+001
180	-6.88e-015	-1.55e-014	-1.35e-014	1.10e+002	2.65e+002	8.58e+000
181	-5.33e-015	-1.47e-014	-1.35e-014	1.10e+002	2.57e+002	-1.56e+001
182	-9.44e-015	-1.55e-014	-1.68e-014	1.10e+002	2.47e+002	-3.93e+001
183	-6.44e-015	-1.55e-014	-1.39e-014	1.08e+002	2.35e+002	-6.18e+001
184	-6.55e-015	-1.42e-014	-1.62e-014	1.04e+002	2.22e+002	-8.31e+001
185	-8.99e-015	-1.55e-014	-1.30e-014	9.88e+001	2.07e+002	-1.03e+002
186	-7.44e-015	-1.33e-014	-1.58e-014	9.21e+001	1.90e+002	-1.22e+002
187	-6.33e-015	-1.07e-014	-1.39e-014	8.39e+001	1.72e+002	-1.39e+002
188	-8.55e-015	-1.24e-014	-1.57e-014	7.41e+001	1.52e+002	-1.54e+002
189	-9.10e-015	-1.24e-014	-1.63e-014	6.29e+001	1.31e+002	-1.68e+002
190	-8.44e-015	-1.24e-014	-1.39e-014	5.03e+001	1.10e+002	-1.80e+002
191	-7.33e-015	-1.29e-014	-1.22e-014	3.66e+001	8.74e+001	-1.90e+002
192	-6.77e-015	-1.15e-014	-1.57e-014	2.19e+001	6.47e+001	-1.98e+002
193	-5.66e-015	-1.11e-014	-1.18e-014	6.21e+000	4.14e+001	-2.04e+002
194	-5.77e-015	-1.07e-014	-1.47e-014	-1.00e+001	1.81e+001	-2.08e+002
195	-6.22e-015	-1.07e-014	-1.64e-014	-2.66e+001	-5.04e+000	-2.10e+002
196	-6.44e-015	-1.24e-014	-1.40e-014	-4.33e+001	-2.78e+001	-2.10e+002
197	-6.88e-015	-1.11e-014	-1.55e-014	-5.98e+001	-4.98e+001	-2.08e+002
198	-5.88e-015	-1.15e-014	-1.74e-014	-7.59e+001	-7.10e+001	-2.04e+002
199	-6.44e-015	-1.20e-014	-1.57e-014	-9.12e+001	-9.10e+001	-1.98e+002
200	-6.99e-015	-1.24e-014	-1.33e-014	-1.06e+002	-1.10e+002	-1.91e+002
201	-2.66e-015	-6.44e-015	-7.11e-015	-8.06e+001	-5.96e+001	-5.63e+001
202	-2.22e-015	-5.33e-015	-6.33e-015	-9.27e+001	-7.63e+001	-4.93e+001
203	-3.72e-015	-6.00e-015	-6.05e-015	-1.04e+002	-9.18e+001	-4.19e+001
204	-3.33e-015	-6.22e-015	-7.27e-015	-1.14e+002	-1.06e+002	-3.42e+001
205	-4.39e-015	-5.55e-015	-6.49e-015	-1.23e+002	-1.19e+002	-2.63e+001
206	-4.22e-015	-5.55e-015	-6.11e-015	-1.30e+002	-1.29e+002	-1.85e+001
207	-4.11e-015	-6.00e-015	-8.22e-015	-1.37e+002	-1.38e+002	-1.07e+001
208	-3.83e-015	-6.00e-015	-9.21e-015	-1.41e+002	-1.45e+002	-3.34e+000
209	-3.72e-015	-6.00e-015	-7.99e-015	-1.44e+002	-1.49e+002	3.60e+000
210	-4.00e-015	-5.77e-015	-7.94e-015	-1.46e+002	-1.52e+002	9.97e+000
211	-4.47e-015	-5.11e-015	-8.77e-015	-1.45e+002	-1.51e+002	1.56e+001
212	-4.91e-015	-3.11e-015	-7.27e-015	-1.43e+002	-1.48e+002	2.05e+001
213	-5.72e-015	-4.00e-015	-6.99e-015	-1.39e+002	-1.42e+002	2.45e+001
214	-5.30e-015	-2.66e-015	-9.83e-015	-1.33e+002	-1.34e+002	2.73e+001
215	-6.44e-015	-2.22e-015	-9.60e-015	-1.26e+002	-1.24e+002	2.91e+001
216	-6.25e-015	-1.33e-015	-8.77e-015	-1.16e+002	-1.11e+002	3.01e+001
217	-7.88e-015	-1.55e-015	-9.27e-015	-1.05e+002	-9.67e+001	3.00e+001
218	-7.30e-015	-1.78e-015	-9.10e-015	-9.32e+001	-8.03e+001	2.88e+001
219	-6.88e-015	-4.44e-016	-9.77e-015	-8.00e+001	-6.20e+001	2.66e+001
220	-6.68e-015	-1.33e-015	-1.10e-014	-6.59e+001	-4.25e+001	2.34e+001
221	-6.94e-015	-4.44e-016	-9.10e-015	-5.09e+001	-2.18e+001	1.95e+001
222	-6.00e-015	-1.11e-015	-9.44e-015	-3.52e+001	-4.09e-001	1.50e+001
223	-5.40e-015	-1.55e-015	-8.99e-015	-1.92e+001	2.06e+001	9.90e+000
224	-5.73e-015	-2.00e-015	-8.88e-015	-3.05e+000	4.17e+001	4.53e+000
225	-5.25e-015	-3.55e-015	-1.12e-014	1.31e+001	6.25e+001	-9.30e-001
226	-6.22e-015	-2.66e-015	-9.77e-015	2.91e+001	8.28e+001	-6.31e+000
227	-6.15e-015	-2.89e-015	-9.77e-015	4.48e+001	1.02e+002	-1.14e+001
228	-6.58e-015	-2.89e-015	-8.10e-015	5.99e+001	1.20e+002	-1.66e+001
229	-7.36e-015	-3.33e-015	-7.66e-015	7.44e+001	1.37e+002	-2.12e+001
230	-8.05e-015	-2.00e-015	-9.99e-015	8.80e+001	1.52e+002	-2.51e+001
231	-8.13e-015	-1.55e-015	-9.44e-015	1.01e+002	1.66e+002	-2.80e+001
232	-7.88e-015	-3.33e-015	-7.88e-015	1.13e+002	1.78e+002	-3.00e+001
233	-6.77e-015	-3.33e-015	-7.99e-015	1.23e+002	1.87e+002	-3.08e+001
234	-6.44e-015	-3.55e-015	-9.88e-015	1.33e+002	1.95e+002	-3.05e+001
235	-6.33e-015	-4.22e-015	-7.88e-015	1.40e+002	1.99e+002	-2.90e+001
236	-7.88e-015	-4.44e-015	-1.01e-014	1.46e+002	2.01e+002	-2.64e+001
237	-8.88e-015	-3.55e-015	-9.10e-015	1.51e+002	2.01e+002	-2.27e+001
238	-9.55e-015	-4.44e-015	-9.55e-015	1.54e+002	1.99e+002	-1.78e+001
239	-9.49e-015	-4.88e-015	-1.13e-014	1.55e+002	1.93e+002	-1.18e+001
240	-1.36e-014	-3.11e-015	-1.09e-014	1.54e+002	1.86e+002	-4.78e+000
241	-1.40e-014	-5.33e-015	-9.99e-015	1.52e+002	1.77e+002	2.96e+000
242	-1.50e-014	-6.66e-015	-1.09e-014	1.48e+002	1.66e+002	1.15e+001
243	-1.34e-014	-7.11e-015	-8.44e-015	1.42e+002	1.52e+002	2.04e+001
244	-1.48e-014	-7.99e-015	-9.33e-015	1.35e+002	1.38e+002	2.97e+001
245	-1.30e-014	-8.44e-015	-1.13e-014	1.27e+002	1.22e+002	3.91e+001
246	-1.21e-014	-9.33e-015	-1.02e-014	1.17e+002	1.06e+002	4.84e+001
247	-1.05e-014	-1.11e-014	-1.22e-014	1.07e+002	8.84e+001	5.75e+001
248	-1.31e-014	-9.33e-015	-9.99e-015	9.58e+001	7.11e+001	6.64e+001
249	-1.31e-014	-1.02e-014	-1.15e-014	8.36e+001	5.38e+001	7.49e+001
250	-1.43e-014	-1.02e-014	-1.04e-014	7.07e+001	3.65e+001	8.30e+001
251	-1.27e-014	-1.07e-014	-8.88e-015	5.73e+001	2.06e+001	9.12e+001
252	-1.28e-014	-1.07e-014	-1.02e-014	4.35e+001	5.28e+000	9.89e+001
253	-1.28e-014	-9.33e-015	-1.13e-014	2.97e+001	-8.62e+000	1.06e+002
254	-1.20e-014	-8.88e-015	-1.04e-014	1.58e+001	-2.14e+001	1.13e+002
255	-1.32e-014	-8.44e-015	-9.99e-015	1.94e+000	-3.29e+001	1.20e+002
256	-1.54e-014	-7.11e-015	-1.11e-014	-1.17e+001	-4.30e+001	1.26e+002
257	-1.62e-014	-5.33e-015	-8.66e-015	-2.51e+001	-5.14e+001	1.32e+002
258	-1.65e-014	-3.55e-015	-8.44e-015	-3.84e+001	-5.85e+001	1.38e+002
259	-1.72e-014	-3.11e-015	-8.22e-015	-5.12e+001	-6.39e+001	1.43e+002
260	-1.79e-014	-7.99e-015	-9.77e-015	-6.30e+001	-6.71e+001	1.48e+002
261	-1.68e-014	-4.88e-015	-9.55e-015	-7.42e+001	-6.82e+001	1.53e+002
262	-1.57e-014	-2.22e-015	-7.77e-015	-8.45e+001	-6.75e+001	1.57e+002
263	-1.49e-014	-4.00e-015	-6.44e-015	-9.37e+001	-6.47e+001	1.62e+002
264	-1.57e-014	-2.22e-015	-5.77e-015	-1.02e+002	-6.03e+001	1.66e+002
265	-1.67e-014	-3.55e-015	-4.44e-015	-1.09e+002	-5.46e+001	1.69e+002
266	-1.55e-014	-8.88e-015	-4.66e-015	-1.15e+002	-4.81e+001	1.72e+002
267	-1.64e-014	-5.33e-015	-3.55e-015	-1.19e+002	-4.12e+001	1.75e+002
268	-1.49e-014	-5.77e-015	-3.11e-015	-1.21e+002	-3.36e+001	1.77e+002
269	-1.37e-014	-8.44e-015	-4.00e-015	-1.22e+002	-2.61e+001	1.79e+002
270	-1.27e-014	-7.11e-015	-3.33e-015	-1.22e+002	-1.83e+001	1.81e+002
271	-1.50e-014	-3.55e-015	-5.77e-015	-1.21e+002	-1.07e+001	1.81e+002
272	-1.26e-014	-4.44e-015	-5.33e-015	-1.18e+002	-3.43e+000	1.82e+002
273	-1.15e-014	-4.88e-015	-7.99e-015	-1.14e+002	3.24e+000	1.82e+002
274	-1.22e-014	-4.00e-015	-7.99e-015	-1.09e+002	9.61e+000	1.81e+002
275	-1.28e-014	-5.33e-015	-4.44e-015	-1.04e+002	1.49e+001	1.80e+002
276	-1.15e-014	-4.44e-015	-5.77e-015	-9.69e+001	1.89e+001	1.78e+002
277	-1.15e-014	-2.22e-015	-7.55e-015	-8.92e+001	2.17e+001	1.76e+002
278	-1.44e-014	-8.88e-016	-6.66e-015	-8.08e+001	2.29e+001	1.73e+002
279	-1.51e-014	-3.55e-015	-5.77e-015	-7.18e+001	2.24e+001	1.70e+002
280	-1.53e-014	-4.00e-015	-4.88e-015	-6.22e+001	2.03e+001	1.67e+002
281	-1.21e-014	-1.33e-015	-4.88e-015	-5.22e+001	1.64e+001	1.64e+002
282	-1.16e-014	-8.88e-016	-5.33e-015	-4.20e+001	1.09e+001	1.60e+002
283	-1.04e-014	1.33e-015	-5.33e-015	-3.22e+001	3.43e+000	1.56e+002
284	-1.18e-014	4.44e-015	-6.22e-015	-2.24e+001	-5.57e+000	1.51e+002
285	-1.02e-014	-4.44e-016	-7.11e-015	-1.28e+001	-1.60e+001	1.47e+002
286	-1.15e-014	8.88e-016	-8.44e-015	-3.59e+000	-2.77e+001	1.42e+002
287	-1.25e-014	-1.33e-015	-7.99e-015	4.78e+000	-3.99e+001	1.36e+002
288	-1.11e-014	8.88e-016	-7.55e-015	1.24e+001	-5.29e+001	1.31e+002
289	-1.02e-014	-2.22e-015	-6.66e-015	1.92e+001	-6.65e+001	1.25e+002
290	-9.99e-015	-1.78e-015	-6.66e-015	2.48e+001	-8.01e+001	1.18e+002
291	-9.55e-015	0.00e+000	-7.99e-015	2.98e+001	-9.34e+001	1.11e+002
292	-9.66e-015	-4.44e-016	-6.22e-015	3.38e+001	-1.07e+002	1.04e+002
293	-8.55e-015	-2.66e-015	-5.77e-015	3.66e+001	-1.20e+002	9.60e+001
294	-7.88e-015	1.78e-015	-5.77e-015	3.82e+001	-1.32e+002	8.81e+001
295	-8.10e-015	0.00e+000	-5.77e-015	3.85e+001	-1.44e+002	8.00e+001
296	-8.99e-015	-3.11e-015	-6.22e-015	3.76e+001	-1.54e+002	7.18e+001
297	-6.66e-015	-2.66e-015	-7.55e-015	3.54e+001	-1.63e+002	6.34e+001
298	-9.66e-015	-2.22e-015	-4.88e-015	3.20e+001	-1.70e+002	5.51e+001
299	-7.11e-015	-3.55e-015	-5.77e-015	2.75e+001	-1.76e+002	4.68e+001
300	-7.99e-015	-3.11e-015	-4.00e-015	2.18e+001	-1.80e+002	3.84e+001
301	-3.77e-015	-2.00e-015	-2.55e-015	-1.60e+001	-1.00e+002	3.73e+001
302	-3.77e-015	-3.55e-015	-2.33e-015	-2.45e+001	-1.01e+002	2.92e+001
303	-3.55e-015	-4.00e-015	-2.55e-015	-3.34e+001	-1.00e+002	2.12e+001
304	-3.77e-015	-4.66e-015	-3.33e-015	-4.27e+001	-9.83e+001	1.34e+001
305	-3.00e-015	-3.77e-015	-3.33e-015	-5.23e+001	-9.56e+001	5.64e+000
306	-6.00e-015	-3.77e-015	-1.78e-015	-6.22e+001	-9.23e+001	-1.99e+000
307	-6.00e-015	-4.55e-015	-2.22e-015	-7.21e+001	-8.80e+001	-9.47e+000
308	-5.77e-015	-3.00e-015	-3.33e-015	-8.20e+001	-8.28e+001	-1.68e+001
309	-5.33e-015	-1.67e-015	-2.44e-015	-9.20e+001	-7.64e+001	-2.37e+001
310	-4.00e-015	-1.55e-015	-3.33e-015	-1.02e+002	-6.91e+001	-3.05e+001
311	-5.66e-015	-2.55e-015	-3.33e-015	-1.11e+002	-6.11e+001	-3.73e+001
312	-4.66e-015	-3.11e-015	-5.11e-015	-1.20e+002	-5.25e+001	-4.41e+001
313	-6.11e-015	-1.33e-015	-5.77e-015	-1.28e+002	-4.33e+001	-5.10e+001
314	-4.77e-015	-2.44e-015	-6.00e-015	-1.35e+002	-3.37e+001	-5.80e+001
315	-3.33e-015	-2.11e-015	-5.11e-015	-1.42e+002	-2.38e+001	-6.51e+001
316	-3.33e-015	-4.44e-015	-5.11e-015	-1.47e+002	-1.40e+001	-7.24e+001
317	-4.11e-015	-5.66e-015	-4.22e-015	-1.51e+002	-4.02e+000	-7.99e+001
318	-2.89e-015	-5.33e-015	-2.89e-015	-1.54e+002	5.44e+000	-8.74e+001
319	-4.33e-015	-5.88e-015	-2.66e-015	-1.55e+002	1.47e+001	-9.50e+001
320	-4.66e-015	-5.33e-015	-2.66e-015	-1.56e+002	2.35e+001	-1.03e+002
321	-5.88e-015	-2.66e-015	-2.89e-015	-1.56e+002	3.17e+001	-1.10e+002
322	-6.77e-015	-4.66e-015	-2.44e-015	-1.54e+002	3.95e+001	-1.17e+002
323	-5.00e-015	-4.33e-015	-2.89e-015	-1.52e+002	4.68e+001	-1.24e+002
324	-6.33e-015	-7.55e-015	-3.55e-015	-1.48e+002	5.34e+001	-1.30e+002
325	-7.11e-015	-4.77e-015	-3.55e-015	-1.44e+002	5.93e+001	-1.36e+002
326	-7.88e-015	-5.66e-015	-3.89e-015	-1.39e+002	6.45e+001	-1.40e+002
327	-7.55e-015	-7.11e-015	-4.77e-015	-1.33e+002	6.99e+001	-1.44e+002
328	-7.33e-015	-7.55e-015	-4.33e-015	-1.27e+002	7.45e+001	-1.46e+002
329	-7.22e-015	-6.00e-015	-6.55e-015	-1.20e+002	7.84e+001	-1.47e+002
330	-9.99e-015	-6.66e-015	-5.77e-015	-1.12e+002	8.16e+001	-1.46e+002
331	-8.77e-015	-5.88e-015	-5.55e-015	-1.05e+002	8.42e+001	-1.45e+002
332	-9.99e-015	-8.55e-015	-6.33e-015	-9.67e+001	8.61e+001	-1.41e+002
333	-1.10e-014	-5.22e-015	-6.33e-015	-8.86e+001	8.74e+001	-1.36e+002
334	-1.23e-014	-5.55e-015	-5.44e-015	-8.04e+001	8.83e+001	-1.30e+002
335	-1.32e-014	-7.33e-015	-5.77e-015	-7.21e+001	8.87e+001	-1.22e+002
336	-1.30e-014	-7.44e-015	-6.00e-015	-6.38e+001	8.87e+001	-1.12e+002
337	-1.09e-014	-5.88e-015	-3.77e-015	-5.55e+001	8.82e+001	-1.01e+002
338	-1.09e-014	-7.33e-015	-3.44e-015	-4.73e+001	8.74e+001	-8.76e+001
339	-1.09e-014	-7.44e-015	-3.44e-015	-3.91e+001	8.65e+001	-7.31e+001
340	-9.10e-015	-7.38e-015	-3.55e-015	-3.10e+001	8.53e+001	-5.70e+001
341	-1.11e-014	-9.77e-015	-3.55e-015	-2.30e+001	8.40e+001	-3.96e+001
342	-9.99e-015	-1.02e-014	-2.78e-015	-1.50e+001	8.33e+001	-2.05e+001
343	-1.09e-014	-1.18e-014	-2.55e-015	-7.34e+000	8.25e+001	-2.45e-001
344	-1.12e-014	-8.94e-015	-3.89e-015	4.40e-002	8.16e+001	2.10e+001
345	-1.22e-014	-9.01e-015	-2.44e-015	6.94e+000	8.05e+001	4.28e+001
346	-1.07e-014	-8.80e-015	-4.05e-015	1.34e+001	7.93e+001	6.53e+001
347	-1.13e-014	-9.15e-015	-3.39e-015	1.92e+001	7.78e+001	8.81e+001
348	-1.01e-014	-9.16e-015	-3.61e-015	2.44e+001	7.62e+001	1.11e+002
349	-9.10e-015	-7.24e-015	-3.00e-015	2.87e+001	7.41e+001	1.34e+002
350	-9.44e-015	-8.59e-015	-3.00e-015	3.21e+001	7.17e+001	1.56e+002
351	-9.55e-015	-1.00e-014	-1.50e-015	3.47e+001	6.91e+001	1.78e+002
352	-1.10e-014	-1.07e-014	-3.89e-015	3.64e+001	6.62e+001	1.99e+002
353	-9.77e-015	-1.06e-014	-2.16e-015	3.72e+001	6.27e+001	2.19e+002
354	-1.11e-014	-9.41e-015	-1.83e-015	3.73e+001	5.85e+001	2.37e+002
355	-1.09e-014	-9.21e-015	-3.41e-015	3.64e+001	5.38e+001	2.55e+002
356	-1.25e-014	-7.99e-015	-2.00e-015	3.47e+001	4.88e+001	2.71e+002
357	-1.28e-014	-6.97e-015	-2.41e-015	3.21e+001	4.35e+001	2.85e+002
358	-1.28e-014	-6.11e-015	-2.72e-015	2.86e+001	3.77e+001	2.98e+002
359	-1.31e-014	-6.49e-015	-3.52e-015	2.44e+001	3.14e+001	3.09e+002
360	-8.88e-015	-5.47e-015	-4.22e-015	1.93e+001	2.46e+001	3.18e+002
361	-1.15e-014	-4.55e-015	-1.55e-015	1.35e+001	1.74e+001	3.26e+002
362	-1.05e-014	-6.63e-015	-3.68e-015	6.75e+000	9.35e+000	3.31e+002
363	-1.07e-014	-7.02e-015	-8.81e-016	-5.39e-001	1.12e+000	3.35e+002
364	-1.09e-014	-7.30e-015	-5.55e-016	-8.28e+000	-7.25e+000	3.37e+002
365	-9.77e-015	-7.30e-015	-7.42e-016	-1.64e+001	-1.57e+001	3.37e+002
366	-8.55e-015	-6.11e-015	-1.08e-015	-2.50e+001	-2.38e+001	3.36e+002
367	-1.14e-014	-6.41e-015	-1.66e-015	-3.38e+001	-3.18e+001	3.33e+002
368	-1.02e-014	-6.44e-015	-1.67e-015	-4.27e+001	-3.97e+001	3.27e+002
369	-1.05e-014	-6.16e-015	-3.01e-015	-5.18e+001	-4.72e+001	3.20e+002
370	-1.25e-014	-6.74e-015	-2.58e-015	-6.08e+001	-5.42e+001	3.11e+002
371	-1.19e-014	-6.41e-015	-2.03e-015	-6.98e+001	-6.07e+001	3.01e+002
372	-1.08e-014	-7.36e-015	-4.16e-017	-7.87e+001	-6.65e+001	2.89e+002
373	-1.15e-014	-8.60e-015	-4.37e-016	-8.72e+001	-7.14e+001	2.75e+002
374	-1.27e-014	-7.99e-015	-1.86e-015	-9.54e+001	-7.56e+001	2.60e+002
375	-1.14e-014	-9.10e-015	-9.23e-016	-1.03e+002	-7.88e+001	2.44e+002
376	-1.35e-014	-9.37e-015	-1.58e-015	-1.11e+002	-8.11e+001	2.27e+002
377	-1.71e-014	-8.87e-015	-1.64e-015	-1.19e+002	-8.24e+001	2.09e+002
378	-1.18e-014	-8.54e-015	-1.62e-015	-1.26e+002	-8.26e+001	1.90e+002
379	-1.25e-014	-8.97e-015	1.37e-015	-1.32e+002	-8.17e+001	1.71e+002
380	-1.44e-014	-9.91e-015	-6.87e-016	-1.38e+002	-7.96e+001	1.52e+002
381	-1.39e-014	-9.38e-015	-2.07e-015	-1.44e+002	-7.65e+001	1.33e+002
382	-7.66e-015	-1.03e-014	-1.13e-015	-1.49e+002	-7.22e+001	1.15e+002
383	-1.13e-014	-9.53e-015	-1.22e-015	-1.53e+002	-6.70e+001	9.71e+001
384	-1.41e-014	-6.79e-015	-5.05e-016	-1.57e+002	-6.09e+001	8.03e+001
385	-1.18e-014	-9.02e-015	-9.07e-016	-1.60e+002	-5.42e+001	6.45e+001
386	-1.22e-014	-8.08e-015	-2.94e-016	-1.64e+002	-4.69e+001	4.99e+001
387	-1.55e-014	-6.02e-015	2.33e-015	-1.67e+002	-3.90e+001	3.67e+001
388	-1.59e-014	-6.22e-015	7.58e-016	-1.70e+002	-3.07e+001	2.50e+001
389	-1.41e-014	-5.97e-015	1.14e-015	-1.73e+002	-2.21e+001	1.51e+001
390	-1.24e-014	-6.49e-015	1.34e-015	-1.75e+002	-1.31e+001	6.62e+000
391	-1.43e-014	-7.08e-015	5.13e-016	-1.78e+002	-4.73e+000	-4.11e-001
392	-1.17e-014	-7.11e-015	9.30e-016	-1.80e+002	3.80e+000	-5.84e+000
393	-1.20e-014	-8.97e-015	-2.73e-015	-1.82e+002	1.25e+001	-9.68e+000
394	-1.32e-014	-9.33e-015	-4.75e-015	-1.84e+002	2.14e+001	-1.20e+001
395	-1.29e-014	-8.60e-015	-3.15e-015	-1.86e+002	3.10e+001	-1.30e+001
396	-1.04e-014	-9.16e-015	-3.25e-015	-1.88e+002	4.06e+001	-1.26e+001
397	-1.45e-014	-8.88e-015	-8.40e-016	-1.90e+002	5.07e+001	-1.10e+001
398	-1.07e-014	-6.77e-015	-2.05e-015	-1.91e+002	6.06e+001	-8.49e+000
399	-1.18e-014	-7.88e-015	-4.27e-015	-1.93e+002	7.04e+001	-4.98e+000
400	-1.11e-014	-7.88e-015	-4.18e-015	-1.95e+002	8.01e+001	-6.28e-001
401	-1.02e-014	-4.44e-015	-3.02e-015	-1.29e+002	4.82e+001	2.17e+001
402	-9.33e-015	-4.50e-015	-4.05e-015	-1.32e+002	5.84e+001	2.65e+001
403	-8.33e-015	-4.22e-015	-3.37e-015	-1.35e+002	6.81e+001	3.15e+001
404	-7.44e-015	-4.08e-015	-4.89e-015	-1.37e+002	7.71e+001	3.65e+001
405	-5.55e-015	-4.66e-015	-4.49e-015	-1.39e+002	8.50e+001	4.13e+001
406	-7.44e-015	-4.41e-015	-4.97e-015	-1.41e+002	9.19e+001	4.60e+001
407	-7.66e-015	-4.77e-015	-4.74e-015	-1.42e+002	9.75e+001	5.05e+001
408	-4.55e-015	-2.89e-015	-6.37e-015	-1.43e+002	1.01e+002	5.46e+001
409	-7.99e-015	-2.78e-015	-5.94e-015	-1.43e+002	1.04e+002	5.83e+001
410	-1.09e-014	-4.00e-015	-6.56e-015	-1.43e+002	1.04e+002	6.15e+001
411	-9.77e-015	-3.94e-015	-8.07e-015	-1.41e+002	1.03e+002	6.42e+001
412	-7.44e-015	-4.61e-015	-6.59e-015	-1.39e+002	9.95e+001	6.63e+001
413	-6.88e-015	-3.28e-015	-5.97e-015	-1.37e+002	9.44e+001	6.77e+001
414	-7.99e-015	-3.39e-015	-7.56e-015	-1.33e+002	8.75e+001	6.85e+001
415	-1.02e-014	-3.16e-015	-7.47e-015	-1.29e+002	7.89e+001	6.87e+001
416	-6.44e-015	-2.89e-015	-6.80e-015	-1.24e+002	6.86e+001	6.83e+001
417	-9.99e-015	-1.39e-015	-8.27e-015	-1.18e+002	5.69e+001	6.73e+001
418	-5.77e-015	-3.16e-015	-6.72e-015	-1.12e+002	4.40e+001	6.59e+001
419	-1.03e-014	-2.61e-015	-8.13e-015	-1.04e+002	3.00e+001	6.40e+001
420	-6.66e-015	-1.94e-015	-6.16e-015	-9.65e+001	1.54e+001	6.20e+001
421	-8.33e-015	-2.36e-015	-6.22e-015	-8.80e+001	-2.46e-002	5.96e+001
422	-7.22e-015	-3.66e-015	-7.33e-015	-7.92e+001	-1.59e+001	5.72e+001
423	-9.66e-015	-3.00e-015	-8.88e-015	-7.00e+001	-3.22e+001	5.46e+001
424	-4.88e-015	-3.14e-015	-7.27e-015	-6.06e+001	-4.85e+001	5.21e+001
425	-3.66e-015	-3.44e-015	-7.27e-015	-5.10e+001	-6.48e+001	4.98e+001
426	-4.77e-015	-4.16e-015	-5.38e-015	-4.09e+001	-8.09e+001	4.77e+001
427	-7.44e-015	-3.39e-015	-4.66e-015	-3.07e+001	-9.65e+001	4.57e+001
428	-3.55e-015	-4.30e-015	-3.61e-015	-2.05e+001	-1.11e+002	4.41e+001
429	-2.55e-015	-3.36e-015	-5.77e-015	-1.04e+001	-1.26e+002	4.28e+001
430	-5.55e-015	-4.16e-015	-5.77e-015	-5.55e-001	-1.39e+002	4.19e+001
431	-4.66e-015	-4.35e-015	-5.27e-015	9.12e+000	-1.51e+002	4.14e+001
432	-7.55e-015	-4.32e-015	-7.44e-015	1.85e+001	-1.62e+002	4.15e+001
433	-5.66e-015	-3.69e-015	-6.16e-015	2.76e+001	-1.72e+002	4.21e+001
434	-5.00e-015	-3.33e-015	-4.66e-015	3.64e+001	-1.79e+002	4.32e+001
435	-5.33e-015	-4.50e-015	-4.66e-015	4.47e+001	-1.85e+002	4.49e+001
436	-6.33e-015	-5.36e-015	-8.44e-015	5.26e+001	-1.89e+002	4.72e+001
437	-4.88e-015	-5.16e-015	-8.55e-015	5.99e+001	-1.92e+002	5.01e+001
438	-6.77e-015	-4.50e-015	-8.55e-015	6.65e+001	-1.92e+002	5.35e+001
439	-6.22e-015	-3.28e-015	-9.77e-015	7.25e+001	-1.90e+002	5.76e+001
440	-3.00e-015	-3.28e-015	-8.22e-015	7.78e+001	-1.86e+002	6.23e+001
441	-5.77e-015	-3.77e-015	-9.88e-015	8.24e+001	-1.80e+002	6.76e+001
442	-8.22e-015	-4.11e-015	-7.77e-015	8.63e+001	-1.72e+002	7.35e+001
443	-6.00e-015	-4.22e-015	-9.55e-015	8.95e+001	-1.63e+002	8.00e+001
444	-7.99e-015	-4.33e-015	-1.07e-014	9.19e+001	-1.51e+002	8.71e+001
445	-4.88e-015	-5.44e-015	-1.15e-014	9.37e+001	-1.38e+002	9.53e+001
446	-8.22e-015	-4.88e-015	-1.39e-014	9.48e+001	-1.23e+002	1.04e+002
447	-7.55e-015	-3.77e-015	-1.40e-014	9.53e+001	-1.06e+002	1.13e+002
448	-6.44e-015	-2.44e-015	-1.44e-014	9.52e+001	-8.86e+001	1.23e+002
449	-7.55e-015	-3.11e-015	-1.04e-014	9.45e+001	-6.98e+001	1.33e+002
450	-5.11e-015	-2.78e-015	-9.21e-015	9.34e+001	-5.01e+001	1.43e+002
451	-7.11e-015	-4.22e-015	-7.99e-015	9.20e+001	-2.97e+001	1.54e+002
452	-5.55e-015	-4.11e-015	-1.07e-014	9.01e+001	-8.68e+000	1.64e+002
453	-6.00e-015	-3.11e-015	-1.01e-014	8.78e+001	1.15e+001	1.74e+002
454	-6.66e-015	-2.55e-015	-7.99e-015	8.53e+001	3.17e+001	1.84e+002
455	-6.88e-015	-3.11e-015	-9.88e-015	8.24e+001	5.18e+001	1.93e+002
456	-5.55e-015	-4.44e-015	-1.21e-014	7.92e+001	7.15e+001	2.02e+002
457	-5.55e-015	-2.78e-015	-9.88e-015	7.59e+001	9.05e+001	2.09e+002
458	-3.55e-015	-3.33e-015	-9.21e-015	7.26e+001	1.09e+002	2.16e+002
459	-7.55e-015	-2.22e-015	-1.01e-014	6.91e+001	1.26e+002	2.21e+002
460	-6.44e-015	-7.22e-016	-9.44e-015	6.52e+001	1.42e+002	2.25e+002
461	-7.77e-015	-2.16e-015	-8.55e-015	6.11e+001	1.56e+002	2.27e+002
462	-6.00e-015	-3.94e-015	-1.07e-014	5.63e+001	1.69e+002	2.28e+002
463	-6.44e-015	-3.55e-015	-8.99e-015	5.12e+001	1.80e+002	2.27e+002
464	-6.44e-015	-3.72e-015	-8.22e-015	4.59e+001	1.88e+002	2.24e+002
465	-4.00e-015	-3.89e-015	-7.33e-015	4.01e+001	1.95e+002	2.19e+002
466	-2.00e-015	-1.92e-015	-8.44e-015	3.41e+001	1.99e+002	2.12e+002
467	-2.22e-015	-2.00e-015	-9.10e-015	2.75e+001	2.01e+002	2.04e+002
468	-2.22e-015	-3.16e-015	-9.55e-015	2.03e+001	2.01e+002	1.94e+002
469	-1.33e-015	-4.54e-015	-7.99e-015	1.25e+001	1.99e+002	1.82e+002
470	-5.11e-015	-3.97e-015	-4.44e-015	4.02e+000	1.95e+002	1.69e+002
471	-4.22e-015	-5.03e-015	-7.77e-015	-5.07e+000	1.88e+002	1.55e+002
472	-3.11e-015	-3.34e-015	-7.33e-015	-1.49e+001	1.80e+002	1.40e+002
473	-4.22e-015	-3.33e-015	-4.66e-015	-2.54e+001	1.70e+002	1.24e+002
474	-4.66e-015	-5.30e-015	-9.77e-015	-3.64e+001	1.58e+002	1.08e+002
475	-7.11e-015	-4.47e-015	-4.88e-015	-4.77e+001	1.43e+002	9.18e+001
476	-4.44e-015	-4.36e-015	-6.00e-015	-5.95e+001	1.27e+002	7.58e+001
477	-4.66e-015	-4.27e-015	-5.77e-015	-7.20e+001	1.09e+002	6.03e+001
478	-3.55e-015	-5.19e-015	-8.66e-015	-8.49e+001	8.98e+001	4.56e+001
479	-5.77e-015	-4.88e-015	-3.77e-015	-9.79e+001	6.89e+001	3.21e+001
480	-3.77e-015	-7.77e-015	-6.88e-015	-1.11e+002	4.68e+001	2.00e+001
481	-4.88e-015	-6.49e-015	-5.11e-015	-1.24e+002	2.37e+001	9.47e+000
482	-4.44e-015	-3.72e-015	-6.88e-015	-1.38e+002	-2.30e-001	7.49e-001
483	-5.33e-015	-3.05e-015	-4.88e-015	-1.51e+002	-2.47e+001	-6.04e+000
484	-3.55e-015	-2.55e-015	-2.22e-016	-1.63e+002	-4.95e+001	-1.08e+001
485	-4.00e-015	-5.33e-015	-6.22e-015	-1.76e+002	-7.43e+001	-1.35e+001
486	-4.66e-015	-3.55e-015	-6.22e-015	-1.88e+002	-9.88e+001	-1.41e+001
487	-4.22e-015	-3.33e-015	-4.00e-015	-1.99e+002	-1.22e+002	-1.27e+001
488	-4.66e-015	-2.39e-015	-4.22e-015	-2.10e+002	-1.45e+002	-9.25e+000
489	-2.89e-015	-4.47e-015	-5.77e-015	-2.20e+002	-1.66e+002	-4.03e+000
490	-4.88e-015	-2.05e-015	-6.66e-015	-2.29e+002	-1.85e+002	2.87e+000
491	-5.55e-015	-2.66e-015	-3.77e-015	-2.38e+002	-2.03e+002	1.13e+001
492	-5.11e-015	-3.33e-015	-2.44e-015	-2.45e+002	-2.18e+002	2.10e+001
493	-3.77e-015	-2.44e-015	-1.33e-015	-2.52e+002	-2.31e+002	3.20e+001
494	-4.22e-015	-3.41e-015	2.22e-016	-2.57e+002	-2.41e+002	4.39e+001
495	-2.66e-015	-2.98e-015	-4.00e-015	-2.62e+002	-2.48e+002	5.67e+001
496	-3.77e-015	-5.58e-015	-5.11e-015	-2.65e+002	-2.52e+002	7.00e+001
497	-5.11e-015	-5.06e-015	-5.55e-015	-2.67e+002	-2.53e+002	8.37e+001
498	-3.00e-015	-6.46e-015	-1.33e-015	-2.68e+002	-2.51e+002	9.75e+001
499	-3.11e-015	-4.38e-015	-6.66e-016	-2.67e+002	-2.46e+002	1.11e+002
500	-4.77e-015	-4.00e-015	0.00e+000	-2.65e+002	-2.39e+002	1.25e+002
501	-1.55e-015	-2.53e-015	-2.00e-015	-1.98e+002	-1.60e+002	1.14e+002
502	-9.99e-016	-1.79e-015	-6.66e-016	-1.92e+002	-1.48e+002	1.26e+002
503	-1.11e-015	-2.28e-015	-1.33e-015	-1.86e+002	-1.34e+002	1.37e+002
504	-6.66e-016	-1.71e-015	-2.44e-015	-1.77e+002	-1.19e+002	1.47e+002
505	-2.44e-015	-2.08e-015	-6.66e-016	-1.68e+002	-1.03e+002	1.56e+002
506	-1.83e-015	-2.55e-015	1.11e-015	-1.57e+002	-8.67e+001	1.63e+002
507	-2.11e-015	-2.05e-015	8.88e-016	-1.44e+002	-6.98e+001	1.70e+002
508	-5.55e-017	-3.47e-015	1.78e-015	-1.31e+002	-5.28e+001	1.75e+002
509	-2.78e-016	-2.83e-015	7.77e-016	-1.16e+002	-3.61e+001	1.78e+002
510	-9.99e-016	-3.86e-015	2.89e-015	-1.00e+002	-1.98e+001	1.80e+002
511	2.16e-015	-2.28e-015	2.89e-015	-8.37e+001	-4.26e+000	1.80e+002
512	-5.55e-017	-2.78e-015	-7.77e-016	-6.62e+001	1.04e+001	1.79e+002
513	1.83e-015	-3.00e-015	-4.44e-016	-4.83e+001	2.40e+001	1.76e+002
514	9.44e-016	-3.41e-015	1.11e-016	-3.00e+001	3.54e+001	1.71e+002
515	1.67e-016	-1.67e-015	-3.22e-015	-1.17e+001	4.54e+001	1.66e+002
516	-1.22e-015	-2.58e-015	-5.55e-016	6.65e+000	5.41e+001	1.58e+002
517	-2.78e-016	-1.17e-015	-1.33e-015	2.46e+001	6.13e+001	1.50e+002
518	2.22e-016	-2.39e-015	-1.67e-015	4.21e+001	6.71e+001	1.40e+002
519	-3.89e-016	-3.16e-015	-1.33e-015	5.86e+001	7.14e+001	1.29e+002
520	2.05e-015	-2.47e-015	-4.44e-016	7.41e+001	7.43e+001	1.17e+002
521	6.11e-016	-2.05e-015	-2.55e-015	8.82e+001	7.58e+001	1.04e+002
522	-2.22e-016	-2.36e-015	2.22e-016	1.01e+002	7.62e+001	9.10e+001
523	1.11e-015	-1.36e-015	-1.44e-015	1.13e+002	7.56e+001	7.71e+001
524	1.67e-015	-2.53e-015	-2.22e-015	1.23e+002	7.41e+001	6.30e+001
525	-1.78e-015	-1.67e-015	-4.11e-015	1.31e+002	7.19e+001	4.89e+001
526	5.55e-016	-8.33e-016	-3.33e-015	1.38e+002	6.90e+001	3.49e+001
527	-1.78e-015	5.83e-016	-2.39e-015	1.43e+002	6.56e+001	2.12e+001
528	1.22e-015	-1.05e-015	-2.72e-015	1.47e+002	6.20e+001	8.18e+000
529	-3.33e-016	-5.55e-017	-4.36e-015	1.50e+002	5.80e+001	-4.21e+000
530	2.22e-015	-1.18e-015	-3.25e-015	1.50e+002	5.36e+001	-1.56e+001
531	2.11e-015	-1.08e-015	-4.72e-015	1.49e+002	4.88e+001	-2.61e+001
532	1.55e-015	-8.33e-017	-3.28e-015	1.46e+002	4.40e+001	-3.55e+001
533	3.22e-015	-1.03e-015	-3.21e-015	1.42e+002	3.89e+001	-4.37e+001
534	2.44e-015	-2.80e-015	-4.80e-015	1.37e+002	3.36e+001	-5.05e+001
535	-1.11e-015	-1.24e-015	-6.86e-015	1.29e+002	2.80e+001	-5.60e+001
536	2.22e-015	-6.16e-016	-6.55e-015	1.21e+002	2.22e+001	-5.99e+001
537	3.00e-015	-3.27e-015	-5.77e-015	1.11e+002	1.61e+001	-6.23e+001
538	2.22e-016	-1.17e-015	-6.66e-015	1.00e+002	9.88e+000	-6.30e+001
539	2.55e-015	-8.47e-016	-6.99e-015	8.83e+001	3.54e+000	-6.21e+001
540	-6.66e-016	1.94e-016	-6.11e-015	7.52e+001	-2.87e+000	-5.95e+001
541	4.00e-015	1.94e-016	-6.11e-015	6.12e+001	-9.26e+000	-5.53e+001
542	-2.22e-016	2.91e-016	-6.27e-015	4.65e+001	-1.56e+001	-4.94e+001
543	-8.88e-016	1.28e-015	-4.88e-015	3.10e+001	-2.17e+001	-4.20e+001
544	-2.22e-016	-2.36e-016	-6.55e-015	1.50e+001	-2.74e+001	-3.31e+001
545	-1.72e-015	9.02e-016	-5.33e-015	-1.35e+000	-3.28e+001	-2.30e+001
546	-3.89e-016	-3.19e-016	-5.33e-015	-1.80e+001	-3.77e+001	-1.16e+001
547	2.00e-015	2.91e-016	-5.88e-015	-3.46e+001	-4.19e+001	7.29e-001
548	-1.05e-015	3.89e-016	-6.22e-015	-5.12e+001	-4.54e+001	1.39e+001
549	2.55e-015	-2.28e-015	-5.22e-015	-6.75e+001	-4.81e+001	2.76e+001
550	3.00e-015	5.00e-016	-6.99e-015	-8.34e+001	-4.99e+001	4.16e+001
551	2.33e-015	3.05e-016	-6.88e-015	-9.86e+001	-5.09e+001	5.57e+001
552	6.11e-016	2.51e-015	-5.55e-015	-1.13e+002	-5.13e+001	6.96e+001
553	1.78e-015	1.78e-015	-3.77e-015	-1.26e+002	-5.09e+001	8.30e+001
554	4.72e-015	4.51e-016	-4.00e-015	-1.38e+002	-4.96e+001	9.57e+001
555	-9.99e-016	-1.87e-016	-1.33e-015	-1.49e+002	-4.72e+001	1.07e+002
556	2.39e-015	-2.03e-015	-2.44e-015	-1.58e+002	-4.40e+001	1.18e+002
557	-1.67e-016	-3.60e-015	-1.11e-015	-1.66e+002	-3.96e+001	1.28e+002
558	6.11e-016	-3.56e-015	-1.78e-015	-1.73e+002	-3.46e+001	1.36e+002
559	2.83e-015	-3.73e-015	-1.78e-015	-1.77e+002	-2.92e+001	1.42e+002
560	5.55e-015	-3.91e-015	-1.78e-015	-1.80e+002	-2.34e+001	1.47e+002
561	8.33e-016	-4.88e-015	-1.11e-015	-1.82e+002	-1.80e+001	1.50e+002
562	1.39e-015	-3.69e-015	-2.00e-015	-1.82e+002	-1.25e+001	1.52e+002
563	3.61e-015	-1.42e-015	-4.44e-016	-1.80e+002	-6.96e+000	1.51e+002
564	4.72e-015	-1.64e-015	-8.88e-016	-1.77e+002	-1.73e+000	1.49e+002
565	3.89e-015	-5.55e-016	-8.88e-016	-1.72e+002	3.21e+000	1.46e+002
566	-3.33e-016	-1.94e-015	-1.11e-015	-1.66e+002	7.79e+000	1.41e+002
567	-1.22e-015	-1.61e-015	-8.88e-016	-1.58e+002	1.20e+001	1.35e+002
568	1.50e-015	-1.55e-015	2.22e-015	-1.49e+002	1.57e+001	1.28e+002
569	1.55e-015	-2.00e-015	-4.44e-016	-1.39e+002	1.89e+001	1.21e+002
570	2.00e-015	-3.33e-015	-1.11e-015	-1.28e+002	2.15e+001	1.13e+002
571	1.67e-015	-1.05e-015	-2.66e-015	-1.16e+002	2.40e+001	1.03e+002
572	2.05e-015	-2.78e-015	-1.55e-015	-1.04e+002	2.62e+001	9.38e+001
573	2.66e-015	-4.27e-015	-1.55e-015	-9.19e+001	2.76e+001	8.40e+001
574	2.33e-015	-1.89e-015	4.44e-016	-7.91e+001	2.86e+001	7.42e+001
575	2.78e-015	-2.11e-015	8.88e-016	-6.60e+001	2.92e+001	6.44e+001
576	1.78e-015	-5.11e-015	-2.22e-016	-5.29e+001	2.94e+001	5.45e+001
577	1.89e-015	-4.66e-015	1.11e-015	-3.96e+001	2.94e+001	4.49e+001
578	3.11e-015	-2.22e-015	-8.88e-016	-2.64e+001	2.90e+001	3.57e+001
579	-1.55e-015	-2.44e-015	3.33e-015	-1.31e+001	2.79e+001	2.73e+001
580	-1.22e-015	-1.89e-015	8.88e-016	-1.16e-001	2.69e+001	1.93e+001
581	-1.11e-015	-2.11e-015	1.33e-015	1.26e+001	2.57e+001	1.21e+001
582	-1.55e-015	1.11e-016	2.00e-015	2.49e+001	2.46e+001	5.61e+000
583	-3.33e-016	-6.66e-016	2.66e-015	3.68e+001	2.33e+001	-9.63e-002
584	-2.33e-015	-1.78e-015	5.27e-015	4.81e+001	2.19e+001	-5.02e+000
585	-1.11e-015	-2.44e-015	3.83e-015	5.86e+001	2.03e+001	-9.33e+000
586	-4.88e-015	-1.44e-015	2.72e-015	6.87e+001	1.91e+001	-1.27e+001
587	-4.44e-015	-7.77e-016	2.69e-015	7.80e+001	1.77e+001	-1.55e+001
588	-4.66e-015	-2.11e-015	2.36e-015	8.64e+001	1.63e+001	-1.76e+001
589	-5.33e-015	-4.66e-015	3.03e-015	9.39e+001	1.47e+001	-1.91e+001
590	-2.89e-015	-2.89e-015	2.71e-015	1.00e+002	1.30e+001	-2.02e+001
591	-2.22e-015	2.22e-016	-3.33e-016	1.06e+002	1.13e+001	-2.08e+001
592	-2.22e-015	0.00e+000	4.44e-016	1.11e+002	9.51e+000	-2.12e+001
593	-2.44e-015	-8.88e-016	9.99e-016	1.14e+002	6.46e+000	-2.19e+001
594	-3.11e-015	6.66e-016	1.61e-015	1.16e+002	3.46e+000	-2.24e+001
595	-3.33e-015	-1.55e-015	1.55e-015	1.17e+002	4.56e-001	-2.29e+001
596	-2.66e-015	-6.66e-016	4.44e-016	1.17e+002	-2.53e+000	-2.35e+001
597	-3.33e-015	-2.66e-015	2.00e-015	1.15e+002	-5.38e+000	-2.42e+001
598	-7.11e-015	-1.78e-015	2.11e-015	1.13e+002	-8.12e+000	-2.51e+001
599	-6.66e-015	-8.88e-016	1.44e-015	1.09e+002	-1.07e+001	-2.62e+001
600	-5.55e-015	1.11e-015	5.55e-015	1.03e+002	-1.32e+001	-2.74e+001
601	-5.44e-015	8.88e-016	3.44e-015	4.19e+001	-9.11e+000	-2.51e+000
602	-5.22e-015	5.55e-016	1.67e-015	3.39e+001	-1.05e+001	-4.28e+000
603	-3.89e-015	-2.22e-016	0.00e+000	2.51e+001	-1.17e+001	-6.10e+000
604	-3.77e-015	0.00e+000	1.78e-015	1.54e+001	-1.25e+001	-7.93e+000
605	-1.55e-015	-1.11e-016	1.89e-015	5.03e+000	-1.30e+001	-9.72e+000
606	-3.22e-015	-8.88e-016	3.11e-015	-6.02e+000	-1.30e+001	-1.14e+001
607	-2.66e-015	9.99e-016	2.22e-015	-1.77e+001	-1.26e+001	-1.30e+001
608	-2.22e-015	1.44e-015	1.33e-015	-2.98e+001	-1.16e+001	-1.45e+001
609	-3.00e-015	1.11e-016	1.67e-015	-4.24e+001	-1.01e+001	-1.57e+001
610	-5.55e-016	-1.11e-015	1.44e-015	-5.54e+001	-6.78e+000	-1.65e+001
611	-1.61e-015	-1.11e-015	2.22e-015	-6.85e+001	-3.05e+000	-1.69e+001
612	1.28e-015	1.11e-016	2.22e-015	-8.16e+001	1.03e+000	-1.68e+001
613	5.55e-016	2.22e-016	1.11e-015	-9.46e+001	5.41e+000	-1.61e+001
614	-8.33e-016	0.00e+000	1.11e-015	-1.07e+002	1.00e+001	-1.47e+001
615	-4.44e-016	2.22e-016	1.11e-015	-1.20e+002	1.48e+001	-1.27e+001
616	-6.11e-016	-8.88e-016	4.44e-016	-1.31e+002	1.92e+001	-9.83e+000
617	4.44e-016	6.66e-016	1.11e-015	-1.42e+002	2.34e+001	-6.17e+000
618	9.44e-016	4.44e-016	1.22e-015	-1.53e+002	2.75e+001	-1.60e+000
619	-1.17e-015	2.00e-015	3.00e-015	-1.62e+002	3.16e+001	3.94e+000
620	2.78e-016	2.22e-015	2.33e-015	-1.70e+002	3.54e+001	1.05e+001
621	1.92e-015	2.22e-015	1.78e-015	-1.78e+002	3.91e+001	1.80e+001
622	8.33e-016	1.33e-015	3.66e-015	-1.83e+002	4.20e+001	2.68e+001
623	-1.58e-015	1.78e-015	1.67e-015	-1.87e+002	4.47e+001	3.66e+001
624	-2.69e-015	2.66e-015	2.78e-015	-1.90e+002	4.74e+001	4.71e+001
625	-9.44e-016	2.44e-015	3.00e-015	-1.91e+002	4.88e+001	5.86e+001
626	-1.97e-015	2.00e-015	3.00e-015	-1.91e+002	4.98e+001	7.08e+001
627	-1.36e-015	1.11e-015	2.44e-015	-1.89e+002	5.04e+001	8.36e+001
628	-1.05e-015	1.78e-015	3.55e-015	-1.86e+002	5.05e+001	9.69e+001
629	3.61e-016	1.11e-015	4.00e-015	-1.82e+002	5.02e+001	1.11e+002
630	4.16e-016	2.22e-016	3.00e-015	-1.77e+002	4.95e+001	1.25e+002
631	-1.55e-015	0.00e+000	3.22e-015	-1.70e+002	4.82e+001	1.39e+002
632	-1.33e-015	1.78e-015	3.44e-015	-1.63e+002	4.65e+001	1.53e+002
633	-1.39e-015	-6.66e-016	2.89e-015	-1.54e+002	4.37e+001	1.66e+002
634	-5.55e-017	1.78e-015	2.89e-015	-1.45e+002	4.18e+001	1.79e+002
635	-2.83e-015	-1.33e-015	3.11e-015	-1.35e+002	3.83e+001	1.90e+002
636	-8.33e-016	-2.00e-015	3.33e-015	-1.24e+002	3.42e+001	2.01e+002
637	1.67e-015	4.44e-016	3.11e-015	-1.13e+002	2.94e+001	2.10e+002
638	2.22e-016	-2.22e-016	3.66e-015	-1.01e+002	2.40e+001	2.18e+002
639	-2.78e-016	-4.44e-016	3.77e-015	-8.87e+001	1.82e+001	2.24e+002
640	1.67e-016	0.00e+000	3.11e-015	-7.62e+001	1.21e+001	2.29e+002
641	-1.39e-015	1.11e-015	2.66e-015	-6.35e+001	5.60e+000	2.32e+002
642	1.61e-015	2.22e-016	3.11e-015	-5.08e+001	-1.18e+000	2.33e+002
643	1.72e-015	4.44e-016	3.22e-015	-3.81e+001	-7.95e+000	2.32e+002
644	-4.44e-016	1.55e-015	2.55e-015	-2.54e+001	-1.54e+001	2.29e+002
645	-1.55e-015	2.22e-016	3.22e-015	-1.31e+001	-2.27e+001	2.24e+002
646	8.88e-016	-2.22e-016	3.77e-015	-1.15e+000	-3.00e+001	2.18e+002
647	1.22e-015	1.33e-015	3.77e-015	1.05e+001	-3.74e+001	2.09e+002
648	-1.89e-015	2.22e-015	3.89e-015	2.15e+001	-4.44e+001	2.00e+002
649	-2.22e-016	2.66e-015	4.77e-015	3.17e+001	-5.08e+001	1.88e+002
650	-2.00e-015	9.99e-016	5.22e-015	4.11e+001	-5.66e+001	1.75e+002
651	9.99e-016	2.55e-015	4.77e-015	4.95e+001	-6.16e+001	1.61e+002
652	1.11e-015	2.00e-015	5.55e-015	5.69e+001	-6.57e+001	1.46e+002
653	1.55e-015	2.22e-015	5.66e-015	6.29e+001	-6.95e+001	1.30e+002
654	0.00e+000	1.78e-015	5.77e-015	6.77e+001	-7.22e+001	1.13e+002
655	1.44e-015	2.22e-015	5.44e-015	7.12e+001	-7.39e+001	9.63e+001
656	3.33e-015	7.77e-016	5.88e-015	7.32e+001	-7.47e+001	7.89e+001
657	2.11e-015	2.44e-015	6.33e-015	7.38e+001	-7.44e+001	6.17e+001
658	3.77e-015	3.77e-015	6.00e-015	7.30e+001	-7.30e+001	4.47e+001
659	4.88e-015	2.00e-015	6.22e-015	7.10e+001	-7.04e+001	2.82e+001
660	2.55e-015	2.44e-015	4.88e-015	6.77e+001	-6.79e+001	1.25e+001
661	2.33e-015	1.50e-015	5.11e-015	6.31e+001	-6.45e+001	-2.30e+000
662	1.11e-015	7.22e-016	6.66e-015	5.74e+001	-6.04e+001	-1.63e+001
663	8.88e-016	2.05e-015	6.66e-015	5.06e+001	-5.56e+001	-2.92e+001
664	1.11e-015	1.55e-015	7.55e-015	4.27e+001	-5.02e+001	-4.10e+001
665	8.33e-016	3.77e-015	8.10e-015	3.40e+001	-4.47e+001	-5.17e+001
666	1.39e-015	2.94e-015	7.77e-015	2.45e+001	-3.88e+001	-6.12e+001
667	1.17e-015	3.22e-015	7.66e-015	1.42e+001	-3.25e+001	-6.94e+001
668	1.83e-015	3.36e-015	7.11e-015	3.36e+000	-2.60e+001	-7.63e+001
669	1.39e-015	5.22e-015	6.77e-015	-8.00e+000	-1.93e+001	-8.19e+001
670	2.33e-015	5.41e-015	6.99e-015	-1.99e+001	-1.26e+001	-8.60e+001
671	1.67e-015	5.38e-015	6.66e-015	-3.19e+001	-5.86e+000	-8.90e+001
672	2.83e-015	6.47e-015	6.05e-015	-4.39e+001	4.68e-001	-9.06e+001
673	5.02e-015	8.69e-015	7.11e-015	-5.58e+001	8.49e+000	-9.18e+001
674	5.05e-015	8.11e-015	6.44e-015	-6.74e+001	1.63e+001	-9.20e+001
675	5.63e-015	6.77e-015	6.16e-015	-7.81e+001	2.41e+001	-9.12e+001
676	5.72e-015	8.12e-015	6.22e-015	-8.83e+001	3.16e+001	-8.96e+001
677	5.27e-015	8.13e-015	7.27e-015	-9.79e+001	3.86e+001	-8.73e+001
678	4.88e-015	7.19e-015	7.77e-015	-1.07e+002	4.50e+001	-8.44e+001
679	4.94e-015	8.69e-015	6.72e-015	-1.15e+002	5.09e+001	-8.10e+001
680	6.27e-015	1.03e-014	6.88e-015	-1.21e+002	5.61e+001	-7.72e+001
681	5.97e-015	9.16e-015	6.38e-015	-1.27e+002	6.05e+001	-7.29e+001
682	6.63e-015	9.16e-015	6.77e-015	-1.32e+002	6.42e+001	-6.84e+001
683	5.47e-015	9.66e-015	7.05e-015	-1.36e+002	6.72e+001	-6.38e+001
684	6.77e-015	9.21e-015	6.52e-015	-1.38e+002	6.93e+001	-5.92e+001
685	5.88e-015	7.16e-015	6.27e-015	-1.39e+002	7.07e+001	-5.46e+001
686	6.44e-015	5.11e-015	6.05e-015	-1.38e+002	7.14e+001	-5.03e+001
687	5.88e-015	6.66e-015	5.72e-015	-1.37e+002	7.12e+001	-4.61e+001
688	5.27e-015	6.55e-015	7.02e-015	-1.34e+002	7.03e+001	-4.23e+001
689	4.66e-015	6.33e-015	6.48e-015	-1.29e+002	6.86e+001	-3.89e+001
690	5.11e-015	6.66e-015	6.86e-015	-1.24e+002	6.62e+001	-3.59e+001
691	5.44e-015	8.55e-015	6.16e-015	-1.17e+002	6.35e+001	-3.33e+001
692	5.22e-015	7.77e-015	4.64e-015	-1.09e+002	6.03e+001	-3.13e+001
693	5.11e-015	7.99e-015	6.70e-015	-1.01e+002	5.74e+001	-3.01e+001
694	6.33e-015	9.33e-015	7.04e-015	-9.09e+001	5.38e+001	-2.93e+001
695	5.66e-015	1.01e-014	7.15e-015	-8.05e+001	4.96e+001	-2.89e+001
696	3.66e-015	1.19e-014	7.30e-015	-6.96e+001	4.49e+001	-2.88e+001
697	3.00e-015	1.28e-014	6.29e-015	-5.82e+001	3.96e+001	-2.88e+001
698	5.00e-015	1.17e-014	6.15e-015	-4.65e+001	3.39e+001	-2.90e+001
699	4.66e-015	1.30e-014	8.02e-015	-3.44e+001	2.77e+001	-2.92e+001
700	6.00e-015	1.12e-014	7.59e-015	-2.22e+001	2.23e+001	-2.94e+001
701	4.22e-015	8.66e-015	5.27e-015	-1.58e+001	1.15e+001	-1.09e+001
702	3.66e-015	7.44e-015	5.23e-015	-3.55e+000	5.55e+000	-1.08e+001
703	3.55e-015	6.99e-015	4.79e-015	8.61e+000	-5.10e-001	-1.04e+001
704	4.66e-015	8.33e-015	5.23e-015	2.06e+001	-6.64e+000	-9.50e+000
705	4.77e-015	7.11e-015	5.16e-015	3.21e+001	-1.31e+001	-8.27e+000
706	5.11e-015	8.10e-015	5.52e-015	4.33e+001	-2.00e+001	-6.67e+000
707	5.88e-015	8.44e-015	3.46e-015	5.40e+001	-2.67e+001	-4.37e+000
708	5.55e-015	9.33e-015	4.33e-015	6.44e+001	-3.31e+001	-1.30e+000
709	5.33e-015	1.01e-014	4.50e-015	7.42e+001	-3.93e+001	2.60e+000
710	6.00e-015	9.71e-015	4.00e-015	8.34e+001	-4.52e+001	7.37e+000
711	4.44e-015	9.94e-015	4.64e-015	9.19e+001	-5.08e+001	1.30e+001
712	3.33e-015	8.94e-015	4.22e-015	9.96e+001	-5.60e+001	1.96e+001
713	2.44e-015	8.72e-015	4.33e-015	1.07e+002	-6.08e+001	2.70e+001
714	2.66e-015	7.77e-015	3.89e-015	1.13e+002	-6.52e+001	3.53e+001
715	4.44e-015	8.38e-015	3.77e-015	1.18e+002	-6.92e+001	4.44e+001
716	2.89e-015	5.63e-015	3.16e-015	1.22e+002	-7.27e+001	5.42e+001
717	2.89e-015	5.55e-015	2.66e-015	1.26e+002	-7.57e+001	6.47e+001
718	2.44e-015	6.58e-015	3.11e-015	1.28e+002	-7.83e+001	7.57e+001
719	2.66e-015	6.66e-015	3.11e-015	1.29e+002	-8.03e+001	8.74e+001
720	4.00e-015	7.20e-015	3.00e-015	1.30e+002	-8.18e+001	9.93e+001
721	3.33e-015	6.61e-015	3.11e-015	1.29e+002	-8.28e+001	1.11e+002
722	4.88e-015	7.38e-015	2.33e-015	1.27e+002	-8.32e+001	1.23e+002
723	4.66e-015	5.32e-015	3.44e-015	1.24e+002	-8.32e+001	1.35e+002
724	3.77e-015	5.84e-015	3.22e-015	1.21e+002	-8.28e+001	1.46e+002
725	5.33e-015	5.94e-015	3.11e-015	1.16e+002	-8.19e+001	1.57e+002
726	4.22e-015	5.44e-015	2.55e-015	1.10e+002	-8.07e+001	1.66e+002
727	4.66e-015	7.07e-015	3.00e-015	1.04e+002	-7.91e+001	1.75e+002
728	4.88e-015	6.41e-015	3.11e-015	9.66e+001	-7.72e+001	1.82e+002
729	5.33e-015	7.11e-015	3.44e-015	8.86e+001	-7.51e+001	1.89e+002
730	6.00e-015	7.85e-015	4.00e-015	7.97e+001	-7.26e+001	1.94e+002
731	4.66e-015	5.75e-015	3.89e-015	7.02e+001	-7.00e+001	1.97e+002
732	4.00e-015	5.75e-015	3.66e-015	6.02e+001	-6.72e+001	1.99e+002
733	5.33e-015	5.88e-015	2.55e-015	4.98e+001	-6.44e+001	1.99e+002
734	5.77e-015	6.80e-015	2.44e-015	3.90e+001	-6.15e+001	1.98e+002
735	4.44e-015	6.36e-015	2.22e-015	2.80e+001	-6.03e+001	1.97e+002
736	3.77e-015	7.11e-015	3.77e-015	1.70e+001	-5.93e+001	1.93e+002
737	4.00e-015	5.41e-015	3.77e-015	5.98e+000	-5.81e+001	1.89e+002
738	3.77e-015	5.72e-015	3.33e-015	-4.59e+000	-5.71e+001	1.83e+002
739	3.77e-015	5.97e-015	3.11e-015	-1.53e+001	-5.52e+001	1.76e+002
740	4.00e-015	5.05e-015	2.44e-015	-2.55e+001	-5.29e+001	1.69e+002
741	3.33e-015	6.58e-015	2.66e-015	-3.57e+001	-5.02e+001	1.60e+002
742	2.22e-015	6.72e-015	1.11e-015	-4.52e+001	-4.72e+001	1.51e+002
743	3.11e-015	6.49e-015	1.55e-015	-5.39e+001	-4.38e+001	1.42e+002
744	2.00e-015	5.66e-015	4.44e-016	-6.15e+001	-3.98e+001	1.33e+002
745	2.00e-015	5.00e-015	4.44e-016	-6.82e+001	-3.55e+001	1.23e+002
746	1.78e-015	4.88e-015	8.88e-016	-7.40e+001	-3.08e+001	1.13e+002
747	1.11e-015	7.16e-015	-4.44e-016	-7.88e+001	-2.57e+001	1.04e+002
748	1.11e-015	4.39e-015	4.44e-016	-8.28e+001	-2.03e+001	9.51e+001
749	6.66e-016	4.77e-015	-1.33e-015	-8.58e+001	-1.48e+001	8.66e+001
750	6.66e-016	5.50e-015	1.11e-015	-8.80e+001	-9.17e+000	7.86e+001
751	1.78e-015	6.33e-015	0.00e+000	-8.94e+001	-3.48e+000	7.13e+001
752	8.88e-016	6.66e-015	4.44e-016	-9.02e+001	2.17e+000	6.46e+001
753	8.88e-016	8.55e-015	-1.33e-015	-9.04e+001	7.73e+000	5.86e+001
754	8.88e-016	8.99e-015	6.66e-016	-9.02e+001	1.31e+001	5.35e+001
755	0.00e+000	8.66e-015	-2.22e-015	-8.96e+001	1.83e+001	4.91e+001
756	0.00e+000	1.11e-014	2.44e-015	-8.89e+001	2.37e+001	4.54e+001
757	-8.88e-016	1.02e-014	-4.44e-016	-8.81e+001	2.81e+001	4.27e+001
758	-2.22e-016	1.08e-014	3.11e-015	-8.74e+001	3.23e+001	4.07e+001
759	-4.44e-016	9.55e-015	2.89e-015	-8.69e+001	3.63e+001	3.95e+001
760	-4.44e-016	1.02e-014	1.33e-015	-8.65e+001	4.01e+001	3.90e+001
761	4.44e-016	8.44e-015	1.55e-015	-8.63e+001	4.37e+001	3.93e+001
762	5.55e-016	6.88e-015	6.66e-016	-8.64e+001	4.72e+001	4.04e+001
763	-6.66e-016	6.66e-015	6.66e-016	-8.69e+001	5.06e+001	4.21e+001
764	-1.67e-015	7.33e-015	1.89e-015	-8.77e+001	5.39e+001	4.46e+001
765	-1.89e-015	7.55e-015	2.22e-015	-8.88e+001	5.72e+001	4.77e+001
766	-2.44e-015	8.66e-015	5.55e-016	-9.02e+001	5.98e+001	5.14e+001
767	-1.11e-015	8.88e-015	4.44e-016	-9.22e+001	6.24e+001	5.59e+001
768	-1.33e-015	1.02e-014	2.00e-015	-9.44e+001	6.50e+001	6.10e+001
769	-1.44e-015	1.09e-014	1.78e-015	-9.70e+001	6.75e+001	6.67e+001
770	-5.55e-016	7.99e-015	1.55e-015	-9.96e+001	7.00e+001	7.30e+001
771	-2.22e-016	8.22e-015	2.22e-016	-1.02e+002	7.23e+001	7.97e+001
772	-2.50e-015	6.44e-015	6.66e-016	-1.06e+002	7.44e+001	8.68e+001
773	-2.33e-015	6.88e-015	1.44e-015	-1.09e+002	7.62e+001	9.42e+001
774	-2.66e-015	8.44e-015	1.72e-015	-1.12e+002	7.78e+001	1.02e+002
775	-1.61e-015	3.55e-015	-5.55e-017	-1.16e+002	7.96e+001	1.10e+002
776	-1.50e-015	5.33e-015	2.22e-016	-1.19e+002	8.09e+001	1.17e+002
777	-2.89e-015	5.33e-015	4.44e-016	-1.23e+002	8.18e+001	1.25e+002
778	-2.44e-015	3.55e-015	2.50e-015	-1.27e+002	8.07e+001	1.32e+002
779	-3.00e-015	3.55e-015	-8.33e-016	-1.31e+002	7.90e+001	1.39e+002
780	-2.78e-015	2.22e-015	-9.16e-016	-1.35e+002	7.66e+001	1.44e+002
781	-3.05e-015	3.11e-015	8.88e-016	-1.38e+002	7.36e+001	1.50e+002
782	-1.78e-015	8.88e-016	-1.86e-015	-1.42e+002	7.03e+001	1.54e+002
783	-3.33e-016	3.55e-015	-1.54e-015	-1.46e+002	6.63e+001	1.57e+002
784	-1.72e-015	4.44e-015	-8.33e-016	-1.49e+002	6.17e+001	1.58e+002
785	-8.33e-016	6.22e-015	-6.11e-016	-1.52e+002	5.65e+001	1.59e+002
786	0.00e+000	3.11e-015	-7.63e-016	-1.55e+002	5.05e+001	1.58e+002
787	5.55e-017	4.88e-015	-1.42e-015	-1.57e+002	4.40e+001	1.56e+002
788	-6.11e-016	3.11e-015	-2.15e-015	-1.59e+002	3.72e+001	1.53e+002
789	0.00e+000	1.78e-015	-1.72e-015	-1.61e+002	3.00e+001	1.48e+002
790	5.00e-016	4.44e-015	-2.00e-015	-1.62e+002	2.27e+001	1.43e+002
791	8.88e-016	4.00e-015	-1.50e-015	-1.63e+002	1.49e+001	1.36e+002
792	1.33e-015	5.33e-015	-1.67e-015	-1.63e+002	7.10e+000	1.29e+002
793	1.44e-015	4.44e-015	-8.33e-016	-1.63e+002	-6.44e-001	1.21e+002
794	2.22e-016	5.77e-015	-2.33e-015	-1.63e+002	-8.23e+000	1.11e+002
795	-1.11e-016	5.77e-015	-1.61e-015	-1.61e+002	-1.59e+001	1.02e+002
796	-1.33e-015	4.88e-015	-2.61e-015	-1.60e+002	-2.33e+001	9.15e+001
797	-5.55e-016	2.22e-015	-2.66e-015	-1.58e+002	-3.02e+001	8.09e+001
798	-1.33e-015	4.00e-015	-1.61e-015	-1.56e+002	-3.65e+001	7.00e+001
799	-6.66e-016	5.33e-015	-1.89e-015	-1.53e+002	-4.15e+001	5.93e+001
800	0.00e+000	5.77e-015	4.44e-016	-1.51e+002	-4.59e+001	4.84e+001
801	1.11e-015	3.11e-015	-2.22e-016	-1.14e+002	-3.58e+001	3.80e+001
802	1.33e-015	2.89e-015	-2.78e-016	-1.11e+002	-3.86e+001	2.68e+001
803	8.88e-016	2.00e-015	0.00e+000	-1.08e+002	-4.09e+001	1.59e+001
804	2.33e-015	2.44e-015	-1.44e-015	-1.05e+002	-4.25e+001	5.28e+000
805	2.33e-015	1.33e-015	-2.16e-015	-1.01e+002	-4.36e+001	-4.86e+000
806	2.78e-015	3.77e-015	-2.05e-015	-9.73e+001	-4.42e+001	-1.45e+001
807	2.44e-015	1.78e-015	-3.16e-015	-9.32e+001	-4.42e+001	-2.34e+001
808	2.33e-015	3.33e-015	-3.72e-015	-8.89e+001	-4.36e+001	-3.17e+001
809	3.11e-015	2.44e-015	-2.22e-015	-8.43e+001	-4.26e+001	-3.92e+001
810	4.00e-015	0.00e+000	-2.44e-015	-7.94e+001	-4.12e+001	-4.59e+001
811	4.22e-015	1.55e-015	-2.44e-015	-7.39e+001	-3.88e+001	-5.21e+001
812	2.89e-015	1.33e-015	-2.66e-015	-6.80e+001	-3.62e+001	-5.75e+001
813	3.77e-015	3.11e-015	-2.16e-015	-6.18e+001	-3.34e+001	-6.19e+001
814	3.11e-015	2.22e-015	-1.94e-015	-5.53e+001	-3.04e+001	-6.56e+001
815	4.22e-015	2.00e-015	-2.50e-015	-4.83e+001	-2.74e+001	-6.83e+001
816	3.55e-015	8.88e-016	-3.77e-015	-4.10e+001	-2.45e+001	-7.02e+001
817	4.88e-015	2.55e-015	-2.94e-015	-3.33e+001	-2.16e+001	-7.21e+001
818	3.77e-015	6.66e-016	-4.83e-015	-2.53e+001	-1.89e+001	-7.33e+001
819	3.11e-015	7.77e-016	-5.33e-015	-1.69e+001	-1.66e+001	-7.36e+001
820	3.77e-015	5.55e-016	-6.72e-015	-8.13e+000	-1.47e+001	-7.33e+001
821	2.44e-015	1.22e-015	-6.16e-015	1.12e+000	-1.36e+001	-7.24e+001
822	2.44e-015	1.67e-015	-7.44e-015	1.06e+001	-1.30e+001	-7.09e+001
823	2.89e-015	1.33e-015	-6.44e-015	2.01e+001	-1.34e+001	-6.87e+001
824	3.33e-015	-1.11e-016	-7.77e-015	2.97e+001	-1.44e+001	-6.60e+001
825	2.66e-015	1.11e-016	-8.55e-015	3.93e+001	-1.62e+001	-6.28e+001
826	1.78e-015	5.00e-016	-8.66e-015	4.89e+001	-1.87e+001	-5.91e+001
827	2.89e-015	-4.44e-016	-9.33e-015	5.83e+001	-2.20e+001	-5.49e+001
828	1.55e-015	1.17e-015	-9.21e-015	6.75e+001	-2.59e+001	-5.03e+001
829	2.66e-015	1.33e-015	-7.88e-015	7.64e+001	-3.05e+001	-4.54e+001
830	1.33e-015	0.00e+000	-8.10e-015	8.49e+001	-3.58e+001	-4.02e+001
831	4.00e-015	7.77e-016	-8.55e-015	9.28e+001	-4.16e+001	-3.47e+001
832	2.00e-015	1.05e-015	-9.33e-015	1.00e+002	-4.82e+001	-2.91e+001
833	2.22e-015	3.33e-016	-1.11e-014	1.07e+002	-5.54e+001	-2.35e+001
834	2.66e-015	-1.67e-016	-1.09e-014	1.13e+002	-6.29e+001	-1.78e+001
835	2.22e-015	1.33e-015	-1.02e-014	1.18e+002	-7.05e+001	-1.20e+001
836	2.66e-015	1.78e-015	-1.11e-014	1.22e+002	-7.74e+001	-6.05e+000
837	2.44e-015	4.44e-016	-1.09e-014	1.25e+002	-8.42e+001	-1.33e-001
838	3.33e-015	2.78e-015	-1.09e-014	1.28e+002	-9.08e+001	5.67e+000
839	3.77e-015	8.88e-016	-1.03e-014	1.29e+002	-9.71e+001	1.13e+001
840	3.11e-015	2.66e-015	-1.10e-014	1.30e+002	-1.03e+002	1.68e+001
841	2.66e-015	9.99e-016	-9.55e-015	1.29e+002	-1.08e+002	2.20e+001
842	3.77e-015	2.22e-015	-9.33e-015	1.28e+002	-1.13e+002	2.69e+001
843	2.00e-015	1.89e-015	-9.99e-015	1.25e+002	-1.17e+002	3.16e+001
844	3.33e-015	2.44e-015	-8.88e-015	1.22e+002	-1.20e+002	3.59e+001
845	2.22e-015	1.78e-015	-9.55e-015	1.18e+002	-1.23e+002	3.99e+001
846	2.00e-015	2.00e-015	-9.10e-015	1.13e+002	-1.24e+002	4.34e+001
847	4.44e-015	2.89e-015	-9.10e-015	1.07e+002	-1.24e+002	4.65e+001
848	4.22e-015	4.00e-015	-9.33e-015	1.00e+002	-1.24e+002	4.92e+001
